ChampId1,WinRation1,TotalMatches1,Team1,ChampId2,WinRation2,TotalMatches2,Team2,ChampId3,WinRation3,TotalMatches3,Team3,ChampId4,WinRation4,TotalMatches4,Team4,ChampId5,WinRation5,TotalMatches5,Team5,ChampId6,WinRation6,TotalMatches6,Team6,ChampId7,WinRation7,TotalMatches7,Team7,ChampId8,WinRation8,TotalMatches8,Team8,ChampId9,WinRation9,TotalMatches9,Team9,ChampId10,WinRation10,TotalMatches10,Team10,Winner
92,0.6285714285714286,35,100,18,0,0,100,432,0.6095238095238096,105,100,421,0.5806451612903226,31,100,38,0.6666666666666666,9,100,33,0.2857142857142857,7,200,67,0,0,200,48,0.4,5,200,85,0.5625,80,200,27,0.5721925133689839,187,200,1
67,0,0,100,59,0.0,1,100,40,0,0,100,126,0.5,2,100,114,0,0,100,161,0.4845360824742268,97,200,1,0.3333333333333333,3,200,76,0.32857142857142857,70,200,20,0.0,1,200,236,0,0,200,1
236,0.6086956521739131,23,100,40,0.506993006993007,286,100,157,0.4166666666666667,12,100,99,0,0,100,254,0,0,100,21,0.6666666666666666,3,200,20,0,0,200,412,0.5714285714285714,7,200,126,0.3333333333333333,18,200,60,0.5454545454545454,11,200,1
77,0.42857142857142855,14,100,105,0.6666666666666666,6,100,26,0.47619047619047616,42,100,104,0.2222222222222222,27,100,54,0,0,100,79,0.5294117647058824,51,200,120,0.42857142857142855,7,200,81,0.43243243243243246,37,200,7,0.3548387096774194,31,200,16,0,0,200,0
67,0.5454545454545454,88,100,267,0.5294117647058824,34,100,61,0.3333333333333333,15,100,121,0.6666666666666666,3,100,27,0.5949656750572082,437,100,40,0.5230769230769231,65,200,254,0.6,5,200,150,0.4,5,200,8,0,0,200,222,0,0,200,1
7,0,0,100,43,0.3333333333333333,6,100,154,0.0,5,100,238,0,0,100,104,0.5862068965517241,29,100,105,1.0,1,200,74,0.49056603773584906,53,200,429,0.6470588235294118,17,200,412,0.2857142857142857,7,200,245,0.5283018867924528,53,200,1
9,0.5475285171102662,263,100,412,0.3333333333333333,3,100,27,0.5714285714285714,7,100,236,0.6086956521739131,69,100,115,0,0,100,42,0.75,4,200,12,0.5625,16,200,11,0,0,200,117,0,0,200,14,0.5555555555555556,45,200,1
25,0.5333333333333333,45,100,96,0,0,100,39,1.0,1,100,267,0,0,100,107,0.4642857142857143,28,100,161,0,0,200,51,0.5,2,200,114,0.4,15,200,76,0.59,100,200,77,0.0,1,200,0
14,0,0,100,35,0.0,1,100,55,0.4444444444444444,9,100,37,0.5314757481940144,969,100,81,0.5084541062801933,828,100,22,0,0,200,105,0.6666666666666666,12,200,54,0.0,1,200,40,0.0,5,200,127,0.47619047619047616,42,200,0
35,0.580952380952381,210,100,236,0.5625,80,100,59,0.6,85,100,157,0.5609756097560976,41,100,53,1.0,1,100,238,0.0,2,200,60,0.6774193548387096,31,200,412,0.5625,16,200,13,0.3,10,200,429,0.37142857142857144,35,200,1
92,0.0,1,100,9,0.5361842105263158,304,100,61,0.5575221238938053,113,100,42,0,0,100,85,0.4166666666666667,12,100,64,0.4444444444444444,18,200,20,0.0,2,200,2,0.5909090909090909,44,200,91,0.625,24,200,51,0.5,12,200,1
114,0.5283018867924528,53,100,51,0.6176470588235294,34,100,103,0.6073446327683616,354,100,45,0.7407407407407407,27,100,203,0.5,16,100,236,0.5955056179775281,89,200,99,0.49019607843137253,102,200,102,0.5458937198067633,207,200,40,0.5434530706836617,863,200,78,0.0,1,200,0
62,0,0,100,80,0,0,100,25,0,0,100,38,0,0,100,18,0,0,100,91,0.25,4,200,9,0,0,200,104,0,0,200,54,0,0,200,3,0,0,200,1
42,0.6363636363636364,33,100,64,0.4881889763779528,127,100,267,0.5063291139240507,79,100,67,0.5,2,100,2,0.6623376623376623,77,100,236,0.5704697986577181,149,200,254,0.5,16,200,40,0.5,32,200,4,0.5875,80,200,150,0.0,2,200,0
245,0.0,3,100,1,0.5,2,100,92,0.5625,80,100,429,0.43243243243243246,37,100,64,0.45454545454545453,22,100,201,0.7391304347826086,23,200,157,0.5605095541401274,157,200,223,1.0,3,200,131,0,0,200,18,0.0,2,200,0
80,0,0,100,4,0,0,100,60,0.5135135135135135,37,100,412,0.5414847161572053,229,100,18,0.5,6,100,79,0.3333333333333333,12,200,92,0.6216216216216216,37,200,56,0.5,2,200,40,0.5283018867924528,106,200,29,0,0,200,0
92,0.5939849624060151,133,100,60,0,0,100,83,0,0,100,236,0.4634146341463415,41,100,25,0,0,100,19,0,0,200,67,0.5,28,200,157,0.5263157894736842,38,200,238,0.6153846153846154,39,200,412,0.0,2,200,0
76,0.5763888888888888,144,100,53,0.59375,352,100,268,0.56,150,100,39,0.5833333333333334,12,100,67,0.0,1,100,105,0,0,200,120,0.3333333333333333,3,200,24,0,0,200,12,0.32142857142857145,28,200,104,0.3888888888888889,18,200,0
27,0.0,1,100,107,0,0,100,81,0.6666666666666666,6,100,105,0.75,4,100,267,0.6923076923076923,13,100,23,0.5210355987055016,618,200,64,0.0,1,200,51,0.4444444444444444,9,200,112,1.0,1,200,111,0.5483870967741935,31,200,0
16,0,0,100,39,0.6666666666666666,3,100,161,0.4845360824742268,97,100,222,0.5853658536585366,41,100,60,0.5185185185185185,81,100,150,0.5573770491803278,61,200,1,0.5313634007257646,1929,200,77,0,0,200,104,0.0,4,200,37,0.5314757481940144,969,200,0
7,0,0,100,104,0.0,2,100,53,0,0,100,68,0,0,100,35,0.5391705069124424,434,100,222,0.43333333333333335,30,200,22,0.5416666666666666,24,200,238,0.5,20,200,8,0,0,200,421,0,0,200,0
429,0,0,100,64,0.4939759036144578,83,100,57,0.5555555555555556,9,100,85,0.0,1,100,25,1.0,1,100,127,0,0,200,254,0.3333333333333333,6,200,91,0.3333333333333333,6,200,53,0.5157593123209169,349,200,104,0,0,200,0
38,1.0,1,100,236,0.5,4,100,11,0.6666666666666666,3,100,25,0,0,100,112,0.592057761732852,277,100,4,0,0,200,81,0.3181818181818182,22,200,254,1.0,1,200,201,0.6,5,200,72,0.5271317829457365,129,200,1
254,0,0,100,53,0.6165644171779141,326,100,107,0.0,2,100,236,0.5508982035928144,167,100,268,0.6052631578947368,38,100,266,0,0,200,64,0.5238095238095238,21,200,7,0.7142857142857143,14,200,40,0.5283018867924528,106,200,81,0.4,15,200,1
157,0.5454545454545454,22,100,222,0,0,100,154,0,0,100,37,0.0,1,100,4,0.5148936170212766,235,100,25,1.0,2,200,104,0.5,8,200,113,0.25,4,200,238,0,0,200,31,0,0,200,0
134,0.5714285714285714,7,100,24,0,0,100,222,0,0,100,126,1.0,4,100,143,0,0,100,18,0,0,200,34,0.6229508196721312,61,200,76,0.32857142857142857,70,200,25,0.25,4,200,60,0.0,2,200,0
13,0.0,1,100,61,0,0,100,236,0,0,100,53,0.8571428571428571,7,100,111,0,0,100,412,0,0,200,27,0.5625,16,200,96,0.7142857142857143,14,200,90,0.3333333333333333,3,200,59,1.0,1,200,1
10,0,0,100,107,0.5643340857787811,443,100,31,0,0,100,67,0.53125,64,100,40,0,0,100,92,0.5,96,200,74,0.5333333333333333,15,200,76,0.6538461538461539,52,200,236,0.5229885057471264,174,200,63,0.6666666666666666,3,200,1
76,0.0,1,100,25,0,0,100,103,0.5333333333333333,15,100,236,0.553030303030303,132,100,59,0,0,100,56,1.0,1,200,102,0,0,200,29,0,0,200,9,0,0,200,1,0,0,200,0
8,0.5,4,100,45,0,0,100,150,0.3611111111111111,36,100,104,0,0,100,60,0,0,100,64,0.6842105263157895,38,200,42,0.5,2,200,25,0.0,1,200,92,0,0,200,39,1.0,1,200,0
143,0.5555555555555556,423,100,154,0.5,2,100,99,0.5,24,100,51,0.3333333333333333,12,100,133,0.5294117647058824,17,100,421,0.5384615384615384,169,200,202,0.5928853754940712,253,200,85,0.5558272208638957,1227,200,126,0.5833333333333334,24,200,43,0.5975609756097561,82,200,1
39,0,0,100,254,0,0,100,91,0.0,1,100,267,0,0,100,51,0.5384615384615384,65,100,54,0.25,4,200,45,0.5,6,200,32,0.6129032258064516,31,200,81,0.4864864864864865,37,200,412,0.25,4,200,1
76,0,0,100,55,0.5714285714285714,7,100,42,0,0,100,19,0,0,100,412,0,0,100,92,0.0,1,200,59,0.3333333333333333,3,200,45,0.375,8,200,81,0.75,16,200,37,0.7272727272727273,11,200,1
20,0.7777777777777778,9,100,40,0.5,4,100,39,0,0,100,15,0.5873015873015873,63,100,74,1.0,4,100,7,0.5,2,200,429,0,0,200,121,0,0,200,150,0.5,18,200,412,0.75,12,200,0
39,0.5,30,100,45,0,0,100,33,0,0,100,81,0.5521472392638037,163,100,53,0.5,6,100,64,0,0,200,92,0.5853658536585366,369,200,236,0,0,200,40,0.5245901639344263,122,200,38,0,0,200,1
412,0.3333333333333333,6,100,121,0.55,20,100,92,0.5,8,100,8,0.25,4,100,15,0.6666666666666666,3,100,91,0,0,200,57,0,0,200,33,0,0,200,42,0.0,1,200,9,0,0,200,0
1,0.5714285714285714,77,100,67,0.45454545454545453,11,100,117,0.35714285714285715,28,100,412,0.5535714285714286,56,100,23,0.5487804878048781,82,100,74,0.5333333333333333,15,200,39,0.5113636363636364,88,200,104,0.5,20,200,154,0.0,1,200,12,0.5172413793103449,29,200,0
25,0.0,1,100,222,0.3448275862068966,29,100,102,0.75,4,100,9,0,0,100,76,0,0,100,121,0.4838709677419355,93,200,117,0.4166666666666667,12,200,48,0,0,200,4,0.6153846153846154,39,200,81,0.75,4,200,0
29,0,0,100,64,0.4881889763779528,127,100,134,0,0,100,13,0,0,100,412,0.0,2,100,4,0,0,200,25,0.5,2,200,222,0,0,200,58,0,0,200,19,0,0,200,1
38,0.2727272727272727,11,100,236,0.5098039215686274,255,100,107,0,0,100,412,0.6666666666666666,3,100,126,0,0,100,28,0,0,200,37,0.5314757481940144,969,200,4,0.7631578947368421,38,200,92,0,0,200,22,0.0,1,200,1
61,0,0,100,40,0.4473684210526316,38,100,18,0.75,8,100,24,1.0,1,100,59,0.3333333333333333,6,100,9,0.48717948717948717,78,200,39,0,0,200,81,0,0,200,114,0,0,200,412,0.5697674418604651,86,200,0
59,0,0,100,15,0.6,5,100,267,0.5555555555555556,9,100,92,0,0,100,1,0.5,146,100,103,0.5882352941176471,17,200,20,0,0,200,119,0,0,200,16,0,0,200,126,0.5181932245922208,797,200,1
64,0.44,25,100,25,0.6226415094339622,53,100,26,0.5909090909090909,88,100,106,0.0,2,100,222,0.8,5,100,60,0,0,200,37,0,0,200,7,0.0,1,200,107,0.3333333333333333,3,200,236,0.5652173913043478,46,200,0
64,0.4716981132075472,53,100,2,0,0,100,157,0.5454545454545454,22,100,429,0,0,100,412,0.25,4,100,42,0,0,200,39,0.0,1,200,38,0,0,200,31,0,0,200,1,0,0,200,1
33,0,0,100,101,0,0,100,80,0.25,4,100,25,0.5493827160493827,162,100,67,0.25,4,100,89,0,0,200,32,0.75,4,200,55,0,0,200,2,0.5,2,200,29,0.0,3,200,1
79,0.631578947368421,19,100,268,0.75,12,100,89,0,0,100,67,0,0,100,57,0,0,100,112,0.5384615384615384,39,200,121,0.4,5,200,236,0,0,200,48,0.4,5,200,98,0.5,2,200,0
85,0.0,4,100,127,0.6296296296296297,27,100,51,0.6923076923076923,13,100,44,0,0,100,64,0.5,6,100,37,0.5314757481940144,969,200,113,0,0,200,18,0.3333333333333333,3,200,112,0.75,4,200,12,0,0,200,1
61,0.6818181818181818,22,100,9,0,0,100,40,0.4074074074074074,27,100,119,0.5,20,100,122,0.6666666666666666,3,100,15,0,0,200,64,0.0,1,200,50,0.4857142857142857,35,200,412,0.4857142857142857,35,200,127,0,0,200,1
64,0.4881889763779528,127,100,53,0.7111111111111111,45,100,96,0.0,1,100,15,0.16666666666666666,6,100,111,0.9090909090909091,11,100,25,1.0,1,200,42,0.5,4,200,154,0.5,8,200,45,0,0,200,150,0.3181818181818182,22,200,0
39,0,0,100,429,0,0,100,38,0,0,100,59,0,0,100,53,1.0,1,100,68,0,0,200,117,0,0,200,18,0.6666666666666666,3,200,103,0,0,200,120,0.594488188976378,254,200,1
24,0,0,100,76,0.6666666666666666,3,100,10,0,0,100,119,0,0,100,412,0,0,100,64,0,0,200,236,0,0,200,267,0.2727272727272727,22,200,30,0.0,3,200,58,0,0,200,0
74,0.0,2,100,35,0.6149425287356322,174,100,61,0,0,100,127,1.0,1,100,18,0,0,100,53,0.0,1,200,238,0.6,30,200,121,0,0,200,117,0,0,200,236,0,0,200,0
57,0.6923076923076923,13,100,61,0.8,10,100,64,0.5454545454545454,55,100,40,0.375,8,100,104,0.59375,288,100,21,0.4375,16,200,43,0.625,8,200,81,0.6,15,200,23,0.6594594594594595,185,200,120,0.7142857142857143,35,200,1
37,0.5041666666666667,480,100,105,0.5543175487465181,359,100,35,0.0,1,100,150,0.5238095238095238,21,100,42,0.0,1,100,33,0,0,200,96,0,0,200,238,0.4166666666666667,12,200,1,0,0,200,13,0.0,1,200,0
134,0,0,100,102,0,0,100,236,0,0,100,412,0.2222222222222222,9,100,64,0.5,10,100,127,1.0,1,200,54,0.0,2,200,11,0.42857142857142855,7,200,25,0.8333333333333334,6,200,18,0.5,2,200,0
421,0.6206896551724138,174,100,238,0.2857142857142857,7,100,236,0.5098039215686274,255,100,10,0.4939759036144578,83,100,432,0.43373493975903615,83,100,81,0.0,2,200,4,0.5181538461538462,1625,200,150,0.0,3,200,26,0.5,2,200,64,0.6842105263157895,38,200,0
99,0.5228070175438596,570,100,236,0.5955056179775281,89,100,40,0,0,100,28,0.5714285714285714,21,100,36,0.5,4,100,85,0.75,32,200,203,0.68,25,200,223,0.5,8,200,105,0.5266106442577031,357,200,429,0,0,200,0
112,0.46511627906976744,43,100,40,0.6272727272727273,110,100,82,0,0,100,2,0.55,40,100,42,0.48,25,100,421,0.5714285714285714,14,200,161,0.4528301886792453,53,200,1,0.75,28,200,81,0.4375,16,200,8,0,0,200,1
4,0.5181538461538462,1625,100,63,0.6111111111111112,18,100,28,0.3333333333333333,3,100,67,0,0,100,92,0.5,2,100,103,0,0,200,77,0.5142857142857142,35,200,21,0.25,4,200,16,0.0,1,200,54,0.0,2,200,1
104,0.45454545454545453,11,100,37,0.5314757481940144,969,100,8,0.5098039215686274,51,100,80,0.5531914893617021,47,100,121,0,0,100,76,0.3684210526315789,19,200,39,0.625,16,200,412,0.4090909090909091,22,200,154,1.0,1,200,119,0.3333333333333333,6,200,0
85,0.2857142857142857,7,100,119,0.5,20,100,412,0.5365853658536586,82,100,35,0.4444444444444444,18,100,143,0.5555555555555556,423,100,7,0.47058823529411764,17,200,104,0,0,200,9,0,0,200,40,0.6140350877192983,114,200,8,0.5555555555555556,9,200,0
412,0.5576923076923077,104,100,236,0.5428571428571428,140,100,4,0.6086956521739131,23,100,58,0.6111111111111112,18,100,56,0.5490196078431373,153,100,53,0.7111111111111111,45,200,7,0.4,10,200,120,0.5932203389830508,59,200,23,1.0,1,200,51,0,0,200,0
61,0.8333333333333334,6,100,53,0.5142857142857142,70,100,25,0.7741935483870968,62,100,121,0.42857142857142855,28,100,51,0,0,100,56,0.5490196078431373,153,200,13,0,0,200,15,0.5384615384615384,13,200,150,0,0,200,37,0.5314757481940144,969,200,0
236,0.494949494949495,198,100,37,0.5314757481940144,969,100,64,0.5666666666666667,30,100,59,1.0,1,100,103,0.4444444444444444,9,100,53,0.5,8,200,91,0.625,32,200,92,0.3333333333333333,3,200,104,1.0,1,200,79,0,0,200,1
28,0.5151515151515151,99,100,39,0.4642857142857143,28,100,18,0,0,100,16,0.6666666666666666,33,100,81,0.4666666666666667,15,100,82,1.0,1,200,33,0,0,200,37,0.14285714285714285,7,200,42,0.5714285714285714,7,200,1,0.6666666666666666,3,200,0
91,0,0,100,72,0,0,100,236,0,0,100,76,0,0,100,25,0,0,100,64,0.5,2,200,51,0.8,30,200,267,0.5758928571428571,224,200,102,0.0,2,200,84,0.0,1,200,0
37,0.5314757481940144,969,100,15,0.45454545454545453,22,100,63,0.5866666666666667,75,100,121,0,0,100,92,0.559322033898305,59,100,104,0.5,2,200,14,0,0,200,89,1.0,1,200,59,0,0,200,101,0,0,200,0
92,0.4126984126984127,63,100,236,0.42857142857142855,14,100,412,0.2857142857142857,7,100,74,0.5,6,100,254,0.25,8,100,64,0.0,1,200,40,0,0,200,104,0.25,4,200,10,0,0,200,99,0.5483870967741935,93,200,0
412,0,0,100,76,0.5609756097560976,41,100,110,0.3333333333333333,3,100,18,0.7272727272727273,11,100,122,0.5534804753820034,589,100,104,0.4339622641509434,53,200,53,0.7142857142857143,7,200,63,0.5412371134020618,194,200,236,0.5686274509803921,51,200,92,0.4126984126984127,63,200,1
4,1.0,1,100,18,0.0,2,100,59,0.2857142857142857,7,100,117,0.3,10,100,75,0.3333333333333333,6,100,238,0.6,30,200,104,0.42857142857142855,7,200,127,0.7,10,200,19,0,0,200,40,0,0,200,1
254,0.5,16,100,68,0,0,100,1,0.3333333333333333,3,100,42,0,0,100,30,0.5714285714285714,7,100,81,0.6666666666666666,3,200,154,1.0,1,200,238,0.8,5,200,16,0.5509554140127388,314,200,57,0.2,5,200,0
201,1.0,5,100,114,0,0,100,63,0.5662650602409639,83,100,236,0,0,100,5,0,0,100,122,0.475,40,200,26,0.5625,160,200,98,0,0,200,80,0.6634615384615384,104,200,107,1.0,1,200,0
103,1.0,1,100,104,0.0,1,100,107,0,0,100,14,1.0,1,100,37,0,0,100,126,0.7222222222222222,18,200,35,0.5625,48,200,53,0.5446428571428571,112,200,68,0.5645161290322581,62,200,42,0.5714285714285714,7,200,1
421,0.5333333333333333,15,100,45,0.0,1,100,67,0.6666666666666666,6,100,85,0.5,2,100,40,0.6666666666666666,3,100,56,0.4,5,200,15,0.625,16,200,122,0.75,4,200,25,0.41025641025641024,39,200,101,0.4423076923076923,52,200,0
127,0.5423728813559322,59,100,14,0.25,4,100,104,0,0,100,64,0.4881889763779528,127,100,412,0.4473684210526316,114,100,61,0.5,26,200,1,0,0,200,111,0,0,200,76,0.3448275862068966,29,200,429,0.5,2,200,1
53,0.0,2,100,19,0,0,100,8,0.6027397260273972,73,100,75,0.6111111111111112,90,100,236,0.65,40,100,64,0.4166666666666667,60,200,103,0.0,2,200,36,0,0,200,15,0.3333333333333333,6,200,412,0,0,200,0
131,0.6309523809523809,168,100,40,0.5562913907284768,151,100,85,0,0,100,76,0.574585635359116,181,100,51,0.5384615384615384,39,100,105,0.6829268292682927,41,200,39,0.5408163265306123,98,200,21,0.25,4,200,107,0.5,4,200,432,0.5466034755134281,633,200,1
42,0.6363636363636364,11,100,16,0,0,100,107,0.5402081362346263,1057,100,85,0.5305105853051059,803,100,45,0,0,100,79,0.5,16,200,112,0.30434782608695654,23,200,39,0.572289156626506,166,200,37,0.5314757481940144,969,200,67,0.3805970149253731,134,200,0
81,0.49477351916376305,287,100,39,0,0,100,76,0.8,15,100,122,0,0,100,201,0.6,5,100,105,0.6141732283464567,127,200,223,0.4444444444444444,9,200,25,0.8,10,200,131,1.0,1,200,67,0.25,4,200,0
81,0.3333333333333333,6,100,16,0.5340909090909091,88,100,99,1.0,1,100,58,0.5454545454545454,22,100,134,0,0,100,110,0.2222222222222222,9,200,267,0,0,200,103,0.569620253164557,79,200,32,0.4793388429752066,121,200,85,0.75,8,200,0
61,0.5098039215686274,51,100,23,0.5210355987055016,618,100,202,0.5160142348754448,281,100,37,0,0,100,107,0.55,20,100,111,0.5,4,200,43,0.631578947368421,19,200,67,0.6771653543307087,127,200,64,0.4691358024691358,162,200,115,0.5333333333333333,15,200,0
21,0.6,5,100,40,0.5676037483266398,747,100,58,0.3333333333333333,3,100,60,0,0,100,7,0.3333333333333333,3,100,63,0.0,1,200,64,0.4444444444444444,18,200,236,0.3333333333333333,3,200,103,0.5833333333333334,12,200,126,0.6,5,200,0
64,0.2631578947368421,19,100,24,0,0,100,42,0.5294117647058824,17,100,1,0.5,4,100,126,0.3333333333333333,3,100,157,0.5,12,200,61,0,0,200,412,0.5273972602739726,146,200,107,1.0,1,200,51,1.0,1,200,1
268,0,0,100,58,0.5,4,100,267,0.3333333333333333,6,100,36,0,0,100,51,0.3333333333333333,3,100,27,0.5239616613418531,626,200,80,0.25,4,200,42,0,0,200,40,0.0,3,200,32,0,0,200,1
99,0.6206896551724138,29,100,432,0.625,8,100,78,0.0,1,100,23,0.5210355987055016,618,100,64,0.4956521739130435,115,100,53,0.43333333333333335,30,200,81,0.36363636363636365,33,200,157,0.4166666666666667,36,200,131,0.5306122448979592,49,200,60,0.5,130,200,0
2,1.0,1,100,75,0.7692307692307693,13,100,4,0.5694716242661448,511,100,222,0.5779816513761468,109,100,37,0.5314757481940144,969,100,432,0.5,34,200,202,0.6338028169014085,71,200,64,0.5714285714285714,7,200,90,0.5294117647058824,51,200,57,0.42857142857142855,7,200,0
1,0,0,100,429,1.0,2,100,72,0,0,100,110,0.0,1,100,74,0.5813253012048193,332,100,112,0,0,200,98,0,0,200,421,0.4594594594594595,37,200,40,0.5684210526315789,95,200,51,0,0,200,0
53,0.5714285714285714,14,100,429,0.6,10,100,39,0,0,100,7,0.609375,64,100,421,0.75,12,100,254,0.48484848484848486,33,200,412,0.5755813953488372,172,200,236,0.5955056179775281,89,200,14,0.5,4,200,161,1.0,1,200,0
105,0.5882352941176471,17,100,41,0,0,100,60,0,0,100,104,0,0,100,117,0.5363636363636364,220,100,25,0.6,10,200,39,0.0,1,200,134,0.5862068965517241,29,200,236,0.5955056179775281,89,200,64,0.5,2,200,1
53,0.4666666666666667,15,100,127,0.5056947608200456,439,100,64,0.37777777777777777,45,100,238,0.4782608695652174,23,100,119,0.3333333333333333,9,100,223,1.0,3,200,25,0,0,200,54,0,0,200,429,0.6,5,200,7,0.25,4,200,0
201,0.5833333333333334,36,100,92,0.6307692307692307,65,100,79,0.5882352941176471,17,100,68,0.5172413793103449,29,100,29,0,0,100,112,0,0,200,236,0.582089552238806,134,200,98,0.6875,16,200,36,0,0,200,48,0.4,5,200,0
37,0.5314757481940144,969,100,101,0,0,100,57,0.6153846153846154,13,100,236,0,0,100,59,0,0,100,238,0.5714285714285714,7,200,64,0.5230769230769231,65,200,29,0.6470588235294118,17,200,117,0.0,2,200,40,0.4444444444444444,18,200,0
107,0.2727272727272727,11,100,8,0.3076923076923077,13,100,429,0.5625,16,100,238,0.0,1,100,25,0,0,100,62,0.6015424164524421,389,200,103,0.3333333333333333,6,200,105,0.5151515151515151,33,200,40,0.5362318840579711,69,200,104,0.5,12,200,1
38,0,0,100,18,0.35294117647058826,17,100,412,0.5306122448979592,98,100,107,0.5,26,100,83,0,0,100,40,0.0,3,200,68,0.3333333333333333,3,200,51,0.38095238095238093,21,200,62,0,0,200,157,0,0,200,0
238,0.6,30,100,421,0.5063291139240507,79,100,27,0.5283687943262412,282,100,236,0.3333333333333333,9,100,161,0,0,100,131,0.35294117647058826,17,200,53,0.6666666666666666,3,200,75,0.3333333333333333,3,200,222,0.75,4,200,85,0.5957446808510638,235,200,1
20,1.0,3,100,104,0,0,100,8,0.0,2,100,121,0.5639269406392694,438,100,25,0.3076923076923077,13,100,111,0.6428571428571429,14,200,412,0,0,200,68,0.5645161290322581,62,200,15,0,0,200,92,0.6615384615384615,65,200,1
96,0,0,100,76,0.0,1,100,412,0,0,100,24,0.8461538461538461,13,100,28,0.40540540540540543,37,100,110,0.38461538461538464,13,200,7,0.7169811320754716,53,200,60,0.6371681415929203,113,200,40,0.5684210526315789,95,200,68,0,0,200,0
13,0,0,100,126,0.0,3,100,42,0.14285714285714285,7,100,64,0.6842105263157895,38,100,89,0.6666666666666666,15,100,37,0.5314757481940144,969,200,96,0.6521739130434783,23,200,121,0.14285714285714285,7,200,39,0,0,200,101,0.3333333333333333,6,200,0
126,0.7272727272727273,11,100,201,0,0,100,51,0.2857142857142857,7,100,268,0.4,5,100,28,0,0,100,50,0.5263157894736842,133,200,40,0.5327102803738317,214,200,222,0.5882352941176471,17,200,91,0.0,1,200,114,0,0,200,1
107,0.4,10,100,53,0.0,1,100,115,0.0,1,100,113,0,0,100,104,0.2,5,100,51,0.4166666666666667,12,200,61,0,0,200,89,0,0,200,64,0.4881889763779528,127,200,122,0,0,200,1
119,0,0,100,121,0,0,100,127,0.6510067114093959,149,100,101,1.0,1,100,16,0,0,100,236,0.45714285714285713,35,200,134,0.6363636363636364,11,200,57,0,0,200,9,0.5,2,200,412,0,0,200,0
64,0.25,8,100,39,0,0,100,40,0.5,2,100,38,0,0,100,42,0.6416666666666667,120,100,7,0,0,200,104,0,0,200,53,0.5333333333333333,15,200,126,0.4666666666666667,15,200,54,0,0,200,1
