ChampId1,WinRation1,TotalMatches1,Team1,ChampId2,WinRation2,TotalMatches2,Team2,ChampId3,WinRation3,TotalMatches3,Team3,ChampId4,WinRation4,TotalMatches4,Team4,ChampId5,WinRation5,TotalMatches5,Team5,ChampId6,WinRation6,TotalMatches6,Team6,ChampId7,WinRation7,TotalMatches7,Team7,ChampId8,WinRation8,TotalMatches8,Team8,ChampId9,WinRation9,TotalMatches9,Team9,ChampId10,WinRation10,TotalMatches10,Team10,Winner
92,0.6285714285714286,35,100,18,0,0,100,432,0.6095238095238096,105,100,421,0.5806451612903226,31,100,38,0.6666666666666666,9,100,33,0.2857142857142857,7,200,67,0,0,200,48,0.4,5,200,85,0.5625,80,200,27,0.5721925133689839,187,200,1
67,0,0,100,59,0.0,1,100,40,0,0,100,126,0.5,2,100,114,0,0,100,161,0.4845360824742268,97,200,1,0.3333333333333333,3,200,76,0.32857142857142857,70,200,20,0.0,1,200,236,0,0,200,1
236,0.6086956521739131,23,100,40,0.506993006993007,286,100,157,0.4166666666666667,12,100,99,0,0,100,254,0,0,100,21,0.6666666666666666,3,200,20,0,0,200,412,0.5714285714285714,7,200,126,0.3333333333333333,18,200,60,0.5454545454545454,11,200,1
77,0.42857142857142855,14,100,105,0.6666666666666666,6,100,26,0.47619047619047616,42,100,104,0.2222222222222222,27,100,54,0,0,100,79,0.5294117647058824,51,200,120,0.42857142857142855,7,200,81,0.43243243243243246,37,200,7,0.3548387096774194,31,200,16,0,0,200,0
67,0.5454545454545454,88,100,267,0.5294117647058824,34,100,61,0.3333333333333333,15,100,121,0.6666666666666666,3,100,27,0.5949656750572082,437,100,40,0.5230769230769231,65,200,254,0.6,5,200,150,0.4,5,200,8,0,0,200,222,0,0,200,1
7,0,0,100,43,0.3333333333333333,6,100,154,0.0,5,100,238,0,0,100,104,0.5862068965517241,29,100,105,1.0,1,200,74,0.49056603773584906,53,200,429,0.6470588235294118,17,200,412,0.2857142857142857,7,200,245,0.5283018867924528,53,200,1
9,0.5475285171102662,263,100,412,0.3333333333333333,3,100,27,0.5714285714285714,7,100,236,0.6086956521739131,69,100,115,0,0,100,42,0.75,4,200,12,0.5625,16,200,11,0,0,200,117,0,0,200,14,0.5555555555555556,45,200,1
25,0.5333333333333333,45,100,96,0,0,100,39,1.0,1,100,267,0,0,100,107,0.4642857142857143,28,100,161,0,0,200,51,0.5,2,200,114,0.4,15,200,76,0.59,100,200,77,0.0,1,200,0
14,0,0,100,35,0.0,1,100,55,0.4444444444444444,9,100,37,0.5314757481940144,969,100,81,0.5084541062801933,828,100,22,0,0,200,105,0.6666666666666666,12,200,54,0.0,1,200,40,0.0,5,200,127,0.47619047619047616,42,200,0
35,0.580952380952381,210,100,236,0.5625,80,100,59,0.6,85,100,157,0.5609756097560976,41,100,53,1.0,1,100,238,0.0,2,200,60,0.6774193548387096,31,200,412,0.5625,16,200,13,0.3,10,200,429,0.37142857142857144,35,200,1
92,0.0,1,100,9,0.5361842105263158,304,100,61,0.5575221238938053,113,100,42,0,0,100,85,0.4166666666666667,12,100,64,0.4444444444444444,18,200,20,0.0,2,200,2,0.5909090909090909,44,200,91,0.625,24,200,51,0.5,12,200,1
114,0.5283018867924528,53,100,51,0.6176470588235294,34,100,103,0.6073446327683616,354,100,45,0.7407407407407407,27,100,203,0.5,16,100,236,0.5955056179775281,89,200,99,0.49019607843137253,102,200,102,0.5458937198067633,207,200,40,0.5434530706836617,863,200,78,0.0,1,200,0
62,0,0,100,80,0,0,100,25,0,0,100,38,0,0,100,18,0,0,100,91,0.25,4,200,9,0,0,200,104,0,0,200,54,0,0,200,3,0,0,200,1
42,0.6363636363636364,33,100,64,0.4881889763779528,127,100,267,0.5063291139240507,79,100,67,0.5,2,100,2,0.6623376623376623,77,100,236,0.5704697986577181,149,200,254,0.5,16,200,40,0.5,32,200,4,0.5875,80,200,150,0.0,2,200,0
245,0.0,3,100,1,0.5,2,100,92,0.5625,80,100,429,0.43243243243243246,37,100,64,0.45454545454545453,22,100,201,0.7391304347826086,23,200,157,0.5605095541401274,157,200,223,1.0,3,200,131,0,0,200,18,0.0,2,200,0
80,0,0,100,4,0,0,100,60,0.5135135135135135,37,100,412,0.5414847161572053,229,100,18,0.5,6,100,79,0.3333333333333333,12,200,92,0.6216216216216216,37,200,56,0.5,2,200,40,0.5283018867924528,106,200,29,0,0,200,0
92,0.5939849624060151,133,100,60,0,0,100,83,0,0,100,236,0.4634146341463415,41,100,25,0,0,100,19,0,0,200,67,0.5,28,200,157,0.5263157894736842,38,200,238,0.6153846153846154,39,200,412,0.0,2,200,0
76,0.5763888888888888,144,100,53,0.59375,352,100,268,0.56,150,100,39,0.5833333333333334,12,100,67,0.0,1,100,105,0,0,200,120,0.3333333333333333,3,200,24,0,0,200,12,0.32142857142857145,28,200,104,0.3888888888888889,18,200,0
27,0.0,1,100,107,0,0,100,81,0.6666666666666666,6,100,105,0.75,4,100,267,0.6923076923076923,13,100,23,0.5210355987055016,618,200,64,0.0,1,200,51,0.4444444444444444,9,200,112,1.0,1,200,111,0.5483870967741935,31,200,0
16,0,0,100,39,0.6666666666666666,3,100,161,0.4845360824742268,97,100,222,0.5853658536585366,41,100,60,0.5185185185185185,81,100,150,0.5573770491803278,61,200,1,0.5313634007257646,1929,200,77,0,0,200,104,0.0,4,200,37,0.5314757481940144,969,200,0
7,0,0,100,104,0.0,2,100,53,0,0,100,68,0,0,100,35,0.5391705069124424,434,100,222,0.43333333333333335,30,200,22,0.5416666666666666,24,200,238,0.5,20,200,8,0,0,200,421,0,0,200,0
429,0,0,100,64,0.4939759036144578,83,100,57,0.5555555555555556,9,100,85,0.0,1,100,25,1.0,1,100,127,0,0,200,254,0.3333333333333333,6,200,91,0.3333333333333333,6,200,53,0.5157593123209169,349,200,104,0,0,200,0
38,1.0,1,100,236,0.5,4,100,11,0.6666666666666666,3,100,25,0,0,100,112,0.592057761732852,277,100,4,0,0,200,81,0.3181818181818182,22,200,254,1.0,1,200,201,0.6,5,200,72,0.5271317829457365,129,200,1
254,0,0,100,53,0.6165644171779141,326,100,107,0.0,2,100,236,0.5508982035928144,167,100,268,0.6052631578947368,38,100,266,0,0,200,64,0.5238095238095238,21,200,7,0.7142857142857143,14,200,40,0.5283018867924528,106,200,81,0.4,15,200,1
157,0.5454545454545454,22,100,222,0,0,100,154,0,0,100,37,0.0,1,100,4,0.5148936170212766,235,100,25,1.0,2,200,104,0.5,8,200,113,0.25,4,200,238,0,0,200,31,0,0,200,0
134,0.5714285714285714,7,100,24,0,0,100,222,0,0,100,126,1.0,4,100,143,0,0,100,18,0,0,200,34,0.6229508196721312,61,200,76,0.32857142857142857,70,200,25,0.25,4,200,60,0.0,2,200,0
13,0.0,1,100,61,0,0,100,236,0,0,100,53,0.8571428571428571,7,100,111,0,0,100,412,0,0,200,27,0.5625,16,200,96,0.7142857142857143,14,200,90,0.3333333333333333,3,200,59,1.0,1,200,1
10,0,0,100,107,0.5643340857787811,443,100,31,0,0,100,67,0.53125,64,100,40,0,0,100,92,0.5,96,200,74,0.5333333333333333,15,200,76,0.6538461538461539,52,200,236,0.5229885057471264,174,200,63,0.6666666666666666,3,200,1
76,0.0,1,100,25,0,0,100,103,0.5333333333333333,15,100,236,0.553030303030303,132,100,59,0,0,100,56,1.0,1,200,102,0,0,200,29,0,0,200,9,0,0,200,1,0,0,200,0
8,0.5,4,100,45,0,0,100,150,0.3611111111111111,36,100,104,0,0,100,60,0,0,100,64,0.6842105263157895,38,200,42,0.5,2,200,25,0.0,1,200,92,0,0,200,39,1.0,1,200,0
143,0.5555555555555556,423,100,154,0.5,2,100,99,0.5,24,100,51,0.3333333333333333,12,100,133,0.5294117647058824,17,100,421,0.5384615384615384,169,200,202,0.5928853754940712,253,200,85,0.5558272208638957,1227,200,126,0.5833333333333334,24,200,43,0.5975609756097561,82,200,1
39,0,0,100,254,0,0,100,91,0.0,1,100,267,0,0,100,51,0.5384615384615384,65,100,54,0.25,4,200,45,0.5,6,200,32,0.6129032258064516,31,200,81,0.4864864864864865,37,200,412,0.25,4,200,1
76,0,0,100,55,0.5714285714285714,7,100,42,0,0,100,19,0,0,100,412,0,0,100,92,0.0,1,200,59,0.3333333333333333,3,200,45,0.375,8,200,81,0.75,16,200,37,0.7272727272727273,11,200,1
20,0.7777777777777778,9,100,40,0.5,4,100,39,0,0,100,15,0.5873015873015873,63,100,74,1.0,4,100,7,0.5,2,200,429,0,0,200,121,0,0,200,150,0.5,18,200,412,0.75,12,200,0
39,0.5,30,100,45,0,0,100,33,0,0,100,81,0.5521472392638037,163,100,53,0.5,6,100,64,0,0,200,92,0.5853658536585366,369,200,236,0,0,200,40,0.5245901639344263,122,200,38,0,0,200,1
412,0.3333333333333333,6,100,121,0.55,20,100,92,0.5,8,100,8,0.25,4,100,15,0.6666666666666666,3,100,91,0,0,200,57,0,0,200,33,0,0,200,42,0.0,1,200,9,0,0,200,0
1,0.5714285714285714,77,100,67,0.45454545454545453,11,100,117,0.35714285714285715,28,100,412,0.5535714285714286,56,100,23,0.5487804878048781,82,100,74,0.5333333333333333,15,200,39,0.5113636363636364,88,200,104,0.5,20,200,154,0.0,1,200,12,0.5172413793103449,29,200,0
25,0.0,1,100,222,0.3448275862068966,29,100,102,0.75,4,100,9,0,0,100,76,0,0,100,121,0.4838709677419355,93,200,117,0.4166666666666667,12,200,48,0,0,200,4,0.6153846153846154,39,200,81,0.75,4,200,0
29,0,0,100,64,0.4881889763779528,127,100,134,0,0,100,13,0,0,100,412,0.0,2,100,4,0,0,200,25,0.5,2,200,222,0,0,200,58,0,0,200,19,0,0,200,1
38,0.2727272727272727,11,100,236,0.5098039215686274,255,100,107,0,0,100,412,0.6666666666666666,3,100,126,0,0,100,28,0,0,200,37,0.5314757481940144,969,200,4,0.7631578947368421,38,200,92,0,0,200,22,0.0,1,200,1
61,0,0,100,40,0.4473684210526316,38,100,18,0.75,8,100,24,1.0,1,100,59,0.3333333333333333,6,100,9,0.48717948717948717,78,200,39,0,0,200,81,0,0,200,114,0,0,200,412,0.5697674418604651,86,200,0
59,0,0,100,15,0.6,5,100,267,0.5555555555555556,9,100,92,0,0,100,1,0.5,146,100,103,0.5882352941176471,17,200,20,0,0,200,119,0,0,200,16,0,0,200,126,0.5181932245922208,797,200,1
64,0.44,25,100,25,0.6226415094339622,53,100,26,0.5909090909090909,88,100,106,0.0,2,100,222,0.8,5,100,60,0,0,200,37,0,0,200,7,0.0,1,200,107,0.3333333333333333,3,200,236,0.5652173913043478,46,200,0
64,0.4716981132075472,53,100,2,0,0,100,157,0.5454545454545454,22,100,429,0,0,100,412,0.25,4,100,42,0,0,200,39,0.0,1,200,38,0,0,200,31,0,0,200,1,0,0,200,1
33,0,0,100,101,0,0,100,80,0.25,4,100,25,0.5493827160493827,162,100,67,0.25,4,100,89,0,0,200,32,0.75,4,200,55,0,0,200,2,0.5,2,200,29,0.0,3,200,1
79,0.631578947368421,19,100,268,0.75,12,100,89,0,0,100,67,0,0,100,57,0,0,100,112,0.5384615384615384,39,200,121,0.4,5,200,236,0,0,200,48,0.4,5,200,98,0.5,2,200,0
85,0.0,4,100,127,0.6296296296296297,27,100,51,0.6923076923076923,13,100,44,0,0,100,64,0.5,6,100,37,0.5314757481940144,969,200,113,0,0,200,18,0.3333333333333333,3,200,112,0.75,4,200,12,0,0,200,1
61,0.6818181818181818,22,100,9,0,0,100,40,0.4074074074074074,27,100,119,0.5,20,100,122,0.6666666666666666,3,100,15,0,0,200,64,0.0,1,200,50,0.4857142857142857,35,200,412,0.4857142857142857,35,200,127,0,0,200,1
64,0.4881889763779528,127,100,53,0.7111111111111111,45,100,96,0.0,1,100,15,0.16666666666666666,6,100,111,0.9090909090909091,11,100,25,1.0,1,200,42,0.5,4,200,154,0.5,8,200,45,0,0,200,150,0.3181818181818182,22,200,0
39,0,0,100,429,0,0,100,38,0,0,100,59,0,0,100,53,1.0,1,100,68,0,0,200,117,0,0,200,18,0.6666666666666666,3,200,103,0,0,200,120,0.594488188976378,254,200,1
24,0,0,100,76,0.6666666666666666,3,100,10,0,0,100,119,0,0,100,412,0,0,100,64,0,0,200,236,0,0,200,267,0.2727272727272727,22,200,30,0.0,3,200,58,0,0,200,0
74,0.0,2,100,35,0.6149425287356322,174,100,61,0,0,100,127,1.0,1,100,18,0,0,100,53,0.0,1,200,238,0.6,30,200,121,0,0,200,117,0,0,200,236,0,0,200,0
57,0.6923076923076923,13,100,61,0.8,10,100,64,0.5454545454545454,55,100,40,0.375,8,100,104,0.59375,288,100,21,0.4375,16,200,43,0.625,8,200,81,0.6,15,200,23,0.6594594594594595,185,200,120,0.7142857142857143,35,200,1
37,0.5041666666666667,480,100,105,0.5543175487465181,359,100,35,0.0,1,100,150,0.5238095238095238,21,100,42,0.0,1,100,33,0,0,200,96,0,0,200,238,0.4166666666666667,12,200,1,0,0,200,13,0.0,1,200,0
134,0,0,100,102,0,0,100,236,0,0,100,412,0.2222222222222222,9,100,64,0.5,10,100,127,1.0,1,200,54,0.0,2,200,11,0.42857142857142855,7,200,25,0.8333333333333334,6,200,18,0.5,2,200,0
421,0.6206896551724138,174,100,238,0.2857142857142857,7,100,236,0.5098039215686274,255,100,10,0.4939759036144578,83,100,432,0.43373493975903615,83,100,81,0.0,2,200,4,0.5181538461538462,1625,200,150,0.0,3,200,26,0.5,2,200,64,0.6842105263157895,38,200,0
99,0.5228070175438596,570,100,236,0.5955056179775281,89,100,40,0,0,100,28,0.5714285714285714,21,100,36,0.5,4,100,85,0.75,32,200,203,0.68,25,200,223,0.5,8,200,105,0.5266106442577031,357,200,429,0,0,200,0
112,0.46511627906976744,43,100,40,0.6272727272727273,110,100,82,0,0,100,2,0.55,40,100,42,0.48,25,100,421,0.5714285714285714,14,200,161,0.4528301886792453,53,200,1,0.75,28,200,81,0.4375,16,200,8,0,0,200,1
4,0.5181538461538462,1625,100,63,0.6111111111111112,18,100,28,0.3333333333333333,3,100,67,0,0,100,92,0.5,2,100,103,0,0,200,77,0.5142857142857142,35,200,21,0.25,4,200,16,0.0,1,200,54,0.0,2,200,1
104,0.45454545454545453,11,100,37,0.5314757481940144,969,100,8,0.5098039215686274,51,100,80,0.5531914893617021,47,100,121,0,0,100,76,0.3684210526315789,19,200,39,0.625,16,200,412,0.4090909090909091,22,200,154,1.0,1,200,119,0.3333333333333333,6,200,0
85,0.2857142857142857,7,100,119,0.5,20,100,412,0.5365853658536586,82,100,35,0.4444444444444444,18,100,143,0.5555555555555556,423,100,7,0.47058823529411764,17,200,104,0,0,200,9,0,0,200,40,0.6140350877192983,114,200,8,0.5555555555555556,9,200,0
412,0.5576923076923077,104,100,236,0.5428571428571428,140,100,4,0.6086956521739131,23,100,58,0.6111111111111112,18,100,56,0.5490196078431373,153,100,53,0.7111111111111111,45,200,7,0.4,10,200,120,0.5932203389830508,59,200,23,1.0,1,200,51,0,0,200,0
61,0.8333333333333334,6,100,53,0.5142857142857142,70,100,25,0.7741935483870968,62,100,121,0.42857142857142855,28,100,51,0,0,100,56,0.5490196078431373,153,200,13,0,0,200,15,0.5384615384615384,13,200,150,0,0,200,37,0.5314757481940144,969,200,0
236,0.494949494949495,198,100,37,0.5314757481940144,969,100,64,0.5666666666666667,30,100,59,1.0,1,100,103,0.4444444444444444,9,100,53,0.5,8,200,91,0.625,32,200,92,0.3333333333333333,3,200,104,1.0,1,200,79,0,0,200,1
28,0.5151515151515151,99,100,39,0.4642857142857143,28,100,18,0,0,100,16,0.6666666666666666,33,100,81,0.4666666666666667,15,100,82,1.0,1,200,33,0,0,200,37,0.14285714285714285,7,200,42,0.5714285714285714,7,200,1,0.6666666666666666,3,200,0
91,0,0,100,72,0,0,100,236,0,0,100,76,0,0,100,25,0,0,100,64,0.5,2,200,51,0.8,30,200,267,0.5758928571428571,224,200,102,0.0,2,200,84,0.0,1,200,0
37,0.5314757481940144,969,100,15,0.45454545454545453,22,100,63,0.5866666666666667,75,100,121,0,0,100,92,0.559322033898305,59,100,104,0.5,2,200,14,0,0,200,89,1.0,1,200,59,0,0,200,101,0,0,200,0
92,0.4126984126984127,63,100,236,0.42857142857142855,14,100,412,0.2857142857142857,7,100,74,0.5,6,100,254,0.25,8,100,64,0.0,1,200,40,0,0,200,104,0.25,4,200,10,0,0,200,99,0.5483870967741935,93,200,0
412,0,0,100,76,0.5609756097560976,41,100,110,0.3333333333333333,3,100,18,0.7272727272727273,11,100,122,0.5534804753820034,589,100,104,0.4339622641509434,53,200,53,0.7142857142857143,7,200,63,0.5412371134020618,194,200,236,0.5686274509803921,51,200,92,0.4126984126984127,63,200,1
4,1.0,1,100,18,0.0,2,100,59,0.2857142857142857,7,100,117,0.3,10,100,75,0.3333333333333333,6,100,238,0.6,30,200,104,0.42857142857142855,7,200,127,0.7,10,200,19,0,0,200,40,0,0,200,1
254,0.5,16,100,68,0,0,100,1,0.3333333333333333,3,100,42,0,0,100,30,0.5714285714285714,7,100,81,0.6666666666666666,3,200,154,1.0,1,200,238,0.8,5,200,16,0.5509554140127388,314,200,57,0.2,5,200,0
201,1.0,5,100,114,0,0,100,63,0.5662650602409639,83,100,236,0,0,100,5,0,0,100,122,0.475,40,200,26,0.5625,160,200,98,0,0,200,80,0.6634615384615384,104,200,107,1.0,1,200,0
103,1.0,1,100,104,0.0,1,100,107,0,0,100,14,1.0,1,100,37,0,0,100,126,0.7222222222222222,18,200,35,0.5625,48,200,53,0.5446428571428571,112,200,68,0.5645161290322581,62,200,42,0.5714285714285714,7,200,1
421,0.5333333333333333,15,100,45,0.0,1,100,67,0.6666666666666666,6,100,85,0.5,2,100,40,0.6666666666666666,3,100,56,0.4,5,200,15,0.625,16,200,122,0.75,4,200,25,0.41025641025641024,39,200,101,0.4423076923076923,52,200,0
127,0.5423728813559322,59,100,14,0.25,4,100,104,0,0,100,64,0.4881889763779528,127,100,412,0.4473684210526316,114,100,61,0.5,26,200,1,0,0,200,111,0,0,200,76,0.3448275862068966,29,200,429,0.5,2,200,1
53,0.0,2,100,19,0,0,100,8,0.6027397260273972,73,100,75,0.6111111111111112,90,100,236,0.65,40,100,64,0.4166666666666667,60,200,103,0.0,2,200,36,0,0,200,15,0.3333333333333333,6,200,412,0,0,200,0
131,0.6309523809523809,168,100,40,0.5562913907284768,151,100,85,0,0,100,76,0.574585635359116,181,100,51,0.5384615384615384,39,100,105,0.6829268292682927,41,200,39,0.5408163265306123,98,200,21,0.25,4,200,107,0.5,4,200,432,0.5466034755134281,633,200,1
42,0.6363636363636364,11,100,16,0,0,100,107,0.5402081362346263,1057,100,85,0.5305105853051059,803,100,45,0,0,100,79,0.5,16,200,112,0.30434782608695654,23,200,39,0.572289156626506,166,200,37,0.5314757481940144,969,200,67,0.3805970149253731,134,200,0
81,0.49477351916376305,287,100,39,0,0,100,76,0.8,15,100,122,0,0,100,201,0.6,5,100,105,0.6141732283464567,127,200,223,0.4444444444444444,9,200,25,0.8,10,200,131,1.0,1,200,67,0.25,4,200,0
81,0.3333333333333333,6,100,16,0.5340909090909091,88,100,99,1.0,1,100,58,0.5454545454545454,22,100,134,0,0,100,110,0.2222222222222222,9,200,267,0,0,200,103,0.569620253164557,79,200,32,0.4793388429752066,121,200,85,0.75,8,200,0
61,0.5098039215686274,51,100,23,0.5210355987055016,618,100,202,0.5160142348754448,281,100,37,0,0,100,107,0.55,20,100,111,0.5,4,200,43,0.631578947368421,19,200,67,0.6771653543307087,127,200,64,0.4691358024691358,162,200,115,0.5333333333333333,15,200,0
21,0.6,5,100,40,0.5676037483266398,747,100,58,0.3333333333333333,3,100,60,0,0,100,7,0.3333333333333333,3,100,63,0.0,1,200,64,0.4444444444444444,18,200,236,0.3333333333333333,3,200,103,0.5833333333333334,12,200,126,0.6,5,200,0
64,0.2631578947368421,19,100,24,0,0,100,42,0.5294117647058824,17,100,1,0.5,4,100,126,0.3333333333333333,3,100,157,0.5,12,200,61,0,0,200,412,0.5273972602739726,146,200,107,1.0,1,200,51,1.0,1,200,1
268,0,0,100,58,0.5,4,100,267,0.3333333333333333,6,100,36,0,0,100,51,0.3333333333333333,3,100,27,0.5239616613418531,626,200,80,0.25,4,200,42,0,0,200,40,0.0,3,200,32,0,0,200,1
99,0.6206896551724138,29,100,432,0.625,8,100,78,0.0,1,100,23,0.5210355987055016,618,100,64,0.4956521739130435,115,100,53,0.43333333333333335,30,200,81,0.36363636363636365,33,200,157,0.4166666666666667,36,200,131,0.5306122448979592,49,200,60,0.5,130,200,0
2,1.0,1,100,75,0.7692307692307693,13,100,4,0.5694716242661448,511,100,222,0.5779816513761468,109,100,37,0.5314757481940144,969,100,432,0.5,34,200,202,0.6338028169014085,71,200,64,0.5714285714285714,7,200,90,0.5294117647058824,51,200,57,0.42857142857142855,7,200,0
1,0,0,100,429,1.0,2,100,72,0,0,100,110,0.0,1,100,74,0.5813253012048193,332,100,112,0,0,200,98,0,0,200,421,0.4594594594594595,37,200,40,0.5684210526315789,95,200,51,0,0,200,0
53,0.5714285714285714,14,100,429,0.6,10,100,39,0,0,100,7,0.609375,64,100,421,0.75,12,100,254,0.48484848484848486,33,200,412,0.5755813953488372,172,200,236,0.5955056179775281,89,200,14,0.5,4,200,161,1.0,1,200,0
105,0.5882352941176471,17,100,41,0,0,100,60,0,0,100,104,0,0,100,117,0.5363636363636364,220,100,25,0.6,10,200,39,0.0,1,200,134,0.5862068965517241,29,200,236,0.5955056179775281,89,200,64,0.5,2,200,1
53,0.4666666666666667,15,100,127,0.5056947608200456,439,100,64,0.37777777777777777,45,100,238,0.4782608695652174,23,100,119,0.3333333333333333,9,100,223,1.0,3,200,25,0,0,200,54,0,0,200,429,0.6,5,200,7,0.25,4,200,0
201,0.5833333333333334,36,100,92,0.6307692307692307,65,100,79,0.5882352941176471,17,100,68,0.5172413793103449,29,100,29,0,0,100,112,0,0,200,236,0.582089552238806,134,200,98,0.6875,16,200,36,0,0,200,48,0.4,5,200,0
37,0.5314757481940144,969,100,101,0,0,100,57,0.6153846153846154,13,100,236,0,0,100,59,0,0,100,238,0.5714285714285714,7,200,64,0.5230769230769231,65,200,29,0.6470588235294118,17,200,117,0.0,2,200,40,0.4444444444444444,18,200,0
107,0.2727272727272727,11,100,8,0.3076923076923077,13,100,429,0.5625,16,100,238,0.0,1,100,25,0,0,100,62,0.6015424164524421,389,200,103,0.3333333333333333,6,200,105,0.5151515151515151,33,200,40,0.5362318840579711,69,200,104,0.5,12,200,1
38,0,0,100,18,0.35294117647058826,17,100,412,0.5306122448979592,98,100,107,0.5,26,100,83,0,0,100,40,0.0,3,200,68,0.3333333333333333,3,200,51,0.38095238095238093,21,200,62,0,0,200,157,0,0,200,0
238,0.6,30,100,421,0.5063291139240507,79,100,27,0.5283687943262412,282,100,236,0.3333333333333333,9,100,161,0,0,100,131,0.35294117647058826,17,200,53,0.6666666666666666,3,200,75,0.3333333333333333,3,200,222,0.75,4,200,85,0.5957446808510638,235,200,1
20,1.0,3,100,104,0,0,100,8,0.0,2,100,121,0.5639269406392694,438,100,25,0.3076923076923077,13,100,111,0.6428571428571429,14,200,412,0,0,200,68,0.5645161290322581,62,200,15,0,0,200,92,0.6615384615384615,65,200,1
96,0,0,100,76,0.0,1,100,412,0,0,100,24,0.8461538461538461,13,100,28,0.40540540540540543,37,100,110,0.38461538461538464,13,200,7,0.7169811320754716,53,200,60,0.6371681415929203,113,200,40,0.5684210526315789,95,200,68,0,0,200,0
13,0,0,100,126,0.0,3,100,42,0.14285714285714285,7,100,64,0.6842105263157895,38,100,89,0.6666666666666666,15,100,37,0.5314757481940144,969,200,96,0.6521739130434783,23,200,121,0.14285714285714285,7,200,39,0,0,200,101,0.3333333333333333,6,200,0
126,0.7272727272727273,11,100,201,0,0,100,51,0.2857142857142857,7,100,268,0.4,5,100,28,0,0,100,50,0.5263157894736842,133,200,40,0.5327102803738317,214,200,222,0.5882352941176471,17,200,91,0.0,1,200,114,0,0,200,1
107,0.4,10,100,53,0.0,1,100,115,0.0,1,100,113,0,0,100,104,0.2,5,100,51,0.4166666666666667,12,200,61,0,0,200,89,0,0,200,64,0.4881889763779528,127,200,122,0,0,200,1
119,0,0,100,121,0,0,100,127,0.6510067114093959,149,100,101,1.0,1,100,16,0,0,100,236,0.45714285714285713,35,200,134,0.6363636363636364,11,200,57,0,0,200,9,0.5,2,200,412,0,0,200,0
64,0.25,8,100,39,0,0,100,40,0.5,2,100,38,0,0,100,42,0.6416666666666667,120,100,7,0,0,200,104,0,0,200,53,0.5333333333333333,15,200,126,0.4666666666666667,15,200,54,0,0,200,1
92,0.6285714285714286,35,100,18,0,0,100,432,0.6095238095238096,105,100,421,0.5806451612903226,31,100,38,0.6666666666666666,9,100,33,0.2857142857142857,7,200,67,0,0,200,48,0.4,5,200,85,0.5625,80,200,27,0.5721925133689839,187,200,1
67,0,0,100,59,0.0,1,100,40,0,0,100,126,0.5,2,100,114,0,0,100,161,0.4845360824742268,97,200,1,0.3333333333333333,3,200,76,0.32857142857142857,70,200,20,0.0,1,200,236,0,0,200,1
236,0.6086956521739131,23,100,40,0.506993006993007,286,100,157,0.4166666666666667,12,100,99,0,0,100,254,0,0,100,21,0.6666666666666666,3,200,20,0,0,200,412,0.5714285714285714,7,200,126,0.3333333333333333,18,200,60,0.5454545454545454,11,200,1
77,0.42857142857142855,14,100,105,0.6666666666666666,6,100,26,0.47619047619047616,42,100,104,0.2222222222222222,27,100,54,0,0,100,79,0.5294117647058824,51,200,120,0.42857142857142855,7,200,81,0.43243243243243246,37,200,7,0.3548387096774194,31,200,16,0,0,200,0
67,0.5454545454545454,88,100,267,0.5294117647058824,34,100,61,0.3333333333333333,15,100,121,0.6666666666666666,3,100,27,0.5949656750572082,437,100,40,0.5230769230769231,65,200,254,0.6,5,200,150,0.4,5,200,8,0,0,200,222,0,0,200,1
7,0,0,100,43,0.3333333333333333,6,100,154,0.0,5,100,238,0,0,100,104,0.5862068965517241,29,100,105,1.0,1,200,74,0.49056603773584906,53,200,429,0.6470588235294118,17,200,412,0.2857142857142857,7,200,245,0.5283018867924528,53,200,1
9,0.5475285171102662,263,100,412,0.3333333333333333,3,100,27,0.5714285714285714,7,100,236,0.6086956521739131,69,100,115,0,0,100,42,0.75,4,200,12,0.5625,16,200,11,0,0,200,117,0,0,200,14,0.5555555555555556,45,200,1
25,0.5333333333333333,45,100,96,0,0,100,39,1.0,1,100,267,0,0,100,107,0.4642857142857143,28,100,161,0,0,200,51,0.5,2,200,114,0.4,15,200,76,0.59,100,200,77,0.0,1,200,0
14,0,0,100,35,0.0,1,100,55,0.4444444444444444,9,100,37,0.5314757481940144,969,100,81,0.5084541062801933,828,100,22,0,0,200,105,0.6666666666666666,12,200,54,0.0,1,200,40,0.0,5,200,127,0.47619047619047616,42,200,0
35,0.580952380952381,210,100,236,0.5625,80,100,59,0.6,85,100,157,0.5609756097560976,41,100,53,1.0,1,100,238,0.0,2,200,60,0.6774193548387096,31,200,412,0.5625,16,200,13,0.3,10,200,429,0.37142857142857144,35,200,1
92,0.0,1,100,9,0.5361842105263158,304,100,61,0.5575221238938053,113,100,42,0,0,100,85,0.4166666666666667,12,100,64,0.4444444444444444,18,200,20,0.0,2,200,2,0.5909090909090909,44,200,91,0.625,24,200,51,0.5,12,200,1
114,0.5283018867924528,53,100,51,0.6176470588235294,34,100,103,0.6073446327683616,354,100,45,0.7407407407407407,27,100,203,0.5,16,100,236,0.5955056179775281,89,200,99,0.49019607843137253,102,200,102,0.5458937198067633,207,200,40,0.5434530706836617,863,200,78,0.0,1,200,0
62,0,0,100,80,0,0,100,25,0,0,100,38,0,0,100,18,0,0,100,91,0.25,4,200,9,0,0,200,104,0,0,200,54,0,0,200,3,0,0,200,1
42,0.6363636363636364,33,100,64,0.4881889763779528,127,100,267,0.5063291139240507,79,100,67,0.5,2,100,2,0.6623376623376623,77,100,236,0.5704697986577181,149,200,254,0.5,16,200,40,0.5,32,200,4,0.5875,80,200,150,0.0,2,200,0
245,0.0,3,100,1,0.5,2,100,92,0.5625,80,100,429,0.43243243243243246,37,100,64,0.45454545454545453,22,100,201,0.7391304347826086,23,200,157,0.5605095541401274,157,200,223,1.0,3,200,131,0,0,200,18,0.0,2,200,0
80,0,0,100,4,0,0,100,60,0.5135135135135135,37,100,412,0.5414847161572053,229,100,18,0.5,6,100,79,0.3333333333333333,12,200,92,0.6216216216216216,37,200,56,0.5,2,200,40,0.5283018867924528,106,200,29,0,0,200,0
92,0.5939849624060151,133,100,60,0,0,100,83,0,0,100,236,0.4634146341463415,41,100,25,0,0,100,19,0,0,200,67,0.5,28,200,157,0.5263157894736842,38,200,238,0.6153846153846154,39,200,412,0.0,2,200,0
76,0.5763888888888888,144,100,53,0.59375,352,100,268,0.56,150,100,39,0.5833333333333334,12,100,67,0.0,1,100,105,0,0,200,120,0.3333333333333333,3,200,24,0,0,200,12,0.32142857142857145,28,200,104,0.3888888888888889,18,200,0
27,0.0,1,100,107,0,0,100,81,0.6666666666666666,6,100,105,0.75,4,100,267,0.6923076923076923,13,100,23,0.5210355987055016,618,200,64,0.0,1,200,51,0.4444444444444444,9,200,112,1.0,1,200,111,0.5483870967741935,31,200,0
16,0,0,100,39,0.6666666666666666,3,100,161,0.4845360824742268,97,100,222,0.5853658536585366,41,100,60,0.5185185185185185,81,100,150,0.5573770491803278,61,200,1,0.5313634007257646,1929,200,77,0,0,200,104,0.0,4,200,37,0.5314757481940144,969,200,0
7,0,0,100,104,0.0,2,100,53,0,0,100,68,0,0,100,35,0.5391705069124424,434,100,222,0.43333333333333335,30,200,22,0.5416666666666666,24,200,238,0.5,20,200,8,0,0,200,421,0,0,200,0
429,0,0,100,64,0.4939759036144578,83,100,57,0.5555555555555556,9,100,85,0.0,1,100,25,1.0,1,100,127,0,0,200,254,0.3333333333333333,6,200,91,0.3333333333333333,6,200,53,0.5157593123209169,349,200,104,0,0,200,0
38,1.0,1,100,236,0.5,4,100,11,0.6666666666666666,3,100,25,0,0,100,112,0.592057761732852,277,100,4,0,0,200,81,0.3181818181818182,22,200,254,1.0,1,200,201,0.6,5,200,72,0.5271317829457365,129,200,1
254,0,0,100,53,0.6165644171779141,326,100,107,0.0,2,100,236,0.5508982035928144,167,100,268,0.6052631578947368,38,100,266,0,0,200,64,0.5238095238095238,21,200,7,0.7142857142857143,14,200,40,0.5283018867924528,106,200,81,0.4,15,200,1
157,0.5454545454545454,22,100,222,0,0,100,154,0,0,100,37,0.0,1,100,4,0.5148936170212766,235,100,25,1.0,2,200,104,0.5,8,200,113,0.25,4,200,238,0,0,200,31,0,0,200,0
134,0.5714285714285714,7,100,24,0,0,100,222,0,0,100,126,1.0,4,100,143,0,0,100,18,0,0,200,34,0.6229508196721312,61,200,76,0.32857142857142857,70,200,25,0.25,4,200,60,0.0,2,200,0
13,0.0,1,100,61,0,0,100,236,0,0,100,53,0.8571428571428571,7,100,111,0,0,100,412,0,0,200,27,0.5625,16,200,96,0.7142857142857143,14,200,90,0.3333333333333333,3,200,59,1.0,1,200,1
10,0,0,100,107,0.5643340857787811,443,100,31,0,0,100,67,0.53125,64,100,40,0,0,100,92,0.5,96,200,74,0.5333333333333333,15,200,76,0.6538461538461539,52,200,236,0.5229885057471264,174,200,63,0.6666666666666666,3,200,1
76,0.0,1,100,25,0,0,100,103,0.5333333333333333,15,100,236,0.553030303030303,132,100,59,0,0,100,56,1.0,1,200,102,0,0,200,29,0,0,200,9,0,0,200,1,0,0,200,0
8,0.5,4,100,45,0,0,100,150,0.3611111111111111,36,100,104,0,0,100,60,0,0,100,64,0.6842105263157895,38,200,42,0.5,2,200,25,0.0,1,200,92,0,0,200,39,1.0,1,200,0
143,0.5555555555555556,423,100,154,0.5,2,100,99,0.5,24,100,51,0.3333333333333333,12,100,133,0.5294117647058824,17,100,421,0.5384615384615384,169,200,202,0.5928853754940712,253,200,85,0.5558272208638957,1227,200,126,0.5833333333333334,24,200,43,0.5975609756097561,82,200,1
39,0,0,100,254,0,0,100,91,0.0,1,100,267,0,0,100,51,0.5384615384615384,65,100,54,0.25,4,200,45,0.5,6,200,32,0.6129032258064516,31,200,81,0.4864864864864865,37,200,412,0.25,4,200,1
76,0,0,100,55,0.5714285714285714,7,100,42,0,0,100,19,0,0,100,412,0,0,100,92,0.0,1,200,59,0.3333333333333333,3,200,45,0.375,8,200,81,0.75,16,200,37,0.7272727272727273,11,200,1
20,0.7777777777777778,9,100,40,0.5,4,100,39,0,0,100,15,0.5873015873015873,63,100,74,1.0,4,100,7,0.5,2,200,429,0,0,200,121,0,0,200,150,0.5,18,200,412,0.75,12,200,0
39,0.5,30,100,45,0,0,100,33,0,0,100,81,0.5521472392638037,163,100,53,0.5,6,100,64,0,0,200,92,0.5853658536585366,369,200,236,0,0,200,40,0.5245901639344263,122,200,38,0,0,200,1
412,0.3333333333333333,6,100,121,0.55,20,100,92,0.5,8,100,8,0.25,4,100,15,0.6666666666666666,3,100,91,0,0,200,57,0,0,200,33,0,0,200,42,0.0,1,200,9,0,0,200,0
1,0.5714285714285714,77,100,67,0.45454545454545453,11,100,117,0.35714285714285715,28,100,412,0.5535714285714286,56,100,23,0.5487804878048781,82,100,74,0.5333333333333333,15,200,39,0.5113636363636364,88,200,104,0.5,20,200,154,0.0,1,200,12,0.5172413793103449,29,200,0
25,0.0,1,100,222,0.3448275862068966,29,100,102,0.75,4,100,9,0,0,100,76,0,0,100,121,0.4838709677419355,93,200,117,0.4166666666666667,12,200,48,0,0,200,4,0.6153846153846154,39,200,81,0.75,4,200,0
29,0,0,100,64,0.4881889763779528,127,100,134,0,0,100,13,0,0,100,412,0.0,2,100,4,0,0,200,25,0.5,2,200,222,0,0,200,58,0,0,200,19,0,0,200,1
38,0.2727272727272727,11,100,236,0.5098039215686274,255,100,107,0,0,100,412,0.6666666666666666,3,100,126,0,0,100,28,0,0,200,37,0.5314757481940144,969,200,4,0.7631578947368421,38,200,92,0,0,200,22,0.0,1,200,1
61,0,0,100,40,0.4473684210526316,38,100,18,0.75,8,100,24,1.0,1,100,59,0.3333333333333333,6,100,9,0.48717948717948717,78,200,39,0,0,200,81,0,0,200,114,0,0,200,412,0.5697674418604651,86,200,0
59,0,0,100,15,0.6,5,100,267,0.5555555555555556,9,100,92,0,0,100,1,0.5,146,100,103,0.5882352941176471,17,200,20,0,0,200,119,0,0,200,16,0,0,200,126,0.5181932245922208,797,200,1
64,0.44,25,100,25,0.6226415094339622,53,100,26,0.5909090909090909,88,100,106,0.0,2,100,222,0.8,5,100,60,0,0,200,37,0,0,200,7,0.0,1,200,107,0.3333333333333333,3,200,236,0.5652173913043478,46,200,0
64,0.4716981132075472,53,100,2,0,0,100,157,0.5454545454545454,22,100,429,0,0,100,412,0.25,4,100,42,0,0,200,39,0.0,1,200,38,0,0,200,31,0,0,200,1,0,0,200,1
33,0,0,100,101,0,0,100,80,0.25,4,100,25,0.5493827160493827,162,100,67,0.25,4,100,89,0,0,200,32,0.75,4,200,55,0,0,200,2,0.5,2,200,29,0.0,3,200,1
79,0.631578947368421,19,100,268,0.75,12,100,89,0,0,100,67,0,0,100,57,0,0,100,112,0.5384615384615384,39,200,121,0.4,5,200,236,0,0,200,48,0.4,5,200,98,0.5,2,200,0
85,0.0,4,100,127,0.6296296296296297,27,100,51,0.6923076923076923,13,100,44,0,0,100,64,0.5,6,100,37,0.5314757481940144,969,200,113,0,0,200,18,0.3333333333333333,3,200,112,0.75,4,200,12,0,0,200,1
61,0.6818181818181818,22,100,9,0,0,100,40,0.4074074074074074,27,100,119,0.5,20,100,122,0.6666666666666666,3,100,15,0,0,200,64,0.0,1,200,50,0.4857142857142857,35,200,412,0.4857142857142857,35,200,127,0,0,200,1
64,0.4881889763779528,127,100,53,0.7111111111111111,45,100,96,0.0,1,100,15,0.16666666666666666,6,100,111,0.9090909090909091,11,100,25,1.0,1,200,42,0.5,4,200,154,0.5,8,200,45,0,0,200,150,0.3181818181818182,22,200,0
39,0,0,100,429,0,0,100,38,0,0,100,59,0,0,100,53,1.0,1,100,68,0,0,200,117,0,0,200,18,0.6666666666666666,3,200,103,0,0,200,120,0.594488188976378,254,200,1
24,0,0,100,76,0.6666666666666666,3,100,10,0,0,100,119,0,0,100,412,0,0,100,64,0,0,200,236,0,0,200,267,0.2727272727272727,22,200,30,0.0,3,200,58,0,0,200,0
74,0.0,2,100,35,0.6149425287356322,174,100,61,0,0,100,127,1.0,1,100,18,0,0,100,53,0.0,1,200,238,0.6,30,200,121,0,0,200,117,0,0,200,236,0,0,200,0
57,0.6923076923076923,13,100,61,0.8,10,100,64,0.5454545454545454,55,100,40,0.375,8,100,104,0.59375,288,100,21,0.4375,16,200,43,0.625,8,200,81,0.6,15,200,23,0.6594594594594595,185,200,120,0.7142857142857143,35,200,1
37,0.5041666666666667,480,100,105,0.5543175487465181,359,100,35,0.0,1,100,150,0.5238095238095238,21,100,42,0.0,1,100,33,0,0,200,96,0,0,200,238,0.4166666666666667,12,200,1,0,0,200,13,0.0,1,200,0
134,0,0,100,102,0,0,100,236,0,0,100,412,0.2222222222222222,9,100,64,0.5,10,100,127,1.0,1,200,54,0.0,2,200,11,0.42857142857142855,7,200,25,0.8333333333333334,6,200,18,0.5,2,200,0
421,0.6206896551724138,174,100,238,0.2857142857142857,7,100,236,0.5098039215686274,255,100,10,0.4939759036144578,83,100,432,0.43373493975903615,83,100,81,0.0,2,200,4,0.5181538461538462,1625,200,150,0.0,3,200,26,0.5,2,200,64,0.6842105263157895,38,200,0
99,0.5228070175438596,570,100,236,0.5955056179775281,89,100,40,0,0,100,28,0.5714285714285714,21,100,36,0.5,4,100,85,0.75,32,200,203,0.68,25,200,223,0.5,8,200,105,0.5266106442577031,357,200,429,0,0,200,0
112,0.46511627906976744,43,100,40,0.6272727272727273,110,100,82,0,0,100,2,0.55,40,100,42,0.48,25,100,421,0.5714285714285714,14,200,161,0.4528301886792453,53,200,1,0.75,28,200,81,0.4375,16,200,8,0,0,200,1
4,0.5181538461538462,1625,100,63,0.6111111111111112,18,100,28,0.3333333333333333,3,100,67,0,0,100,92,0.5,2,100,103,0,0,200,77,0.5142857142857142,35,200,21,0.25,4,200,16,0.0,1,200,54,0.0,2,200,1
104,0.45454545454545453,11,100,37,0.5314757481940144,969,100,8,0.5098039215686274,51,100,80,0.5531914893617021,47,100,121,0,0,100,76,0.3684210526315789,19,200,39,0.625,16,200,412,0.4090909090909091,22,200,154,1.0,1,200,119,0.3333333333333333,6,200,0
85,0.2857142857142857,7,100,119,0.5,20,100,412,0.5365853658536586,82,100,35,0.4444444444444444,18,100,143,0.5555555555555556,423,100,7,0.47058823529411764,17,200,104,0,0,200,9,0,0,200,40,0.6140350877192983,114,200,8,0.5555555555555556,9,200,0
412,0.5576923076923077,104,100,236,0.5428571428571428,140,100,4,0.6086956521739131,23,100,58,0.6111111111111112,18,100,56,0.5490196078431373,153,100,53,0.7111111111111111,45,200,7,0.4,10,200,120,0.5932203389830508,59,200,23,1.0,1,200,51,0,0,200,0
61,0.8333333333333334,6,100,53,0.5142857142857142,70,100,25,0.7741935483870968,62,100,121,0.42857142857142855,28,100,51,0,0,100,56,0.5490196078431373,153,200,13,0,0,200,15,0.5384615384615384,13,200,150,0,0,200,37,0.5314757481940144,969,200,0
236,0.494949494949495,198,100,37,0.5314757481940144,969,100,64,0.5666666666666667,30,100,59,1.0,1,100,103,0.4444444444444444,9,100,53,0.5,8,200,91,0.625,32,200,92,0.3333333333333333,3,200,104,1.0,1,200,79,0,0,200,1
28,0.5151515151515151,99,100,39,0.4642857142857143,28,100,18,0,0,100,16,0.6666666666666666,33,100,81,0.4666666666666667,15,100,82,1.0,1,200,33,0,0,200,37,0.14285714285714285,7,200,42,0.5714285714285714,7,200,1,0.6666666666666666,3,200,0
91,0,0,100,72,0,0,100,236,0,0,100,76,0,0,100,25,0,0,100,64,0.5,2,200,51,0.8,30,200,267,0.5758928571428571,224,200,102,0.0,2,200,84,0.0,1,200,0
37,0.5314757481940144,969,100,15,0.45454545454545453,22,100,63,0.5866666666666667,75,100,121,0,0,100,92,0.559322033898305,59,100,104,0.5,2,200,14,0,0,200,89,1.0,1,200,59,0,0,200,101,0,0,200,0
92,0.4126984126984127,63,100,236,0.42857142857142855,14,100,412,0.2857142857142857,7,100,74,0.5,6,100,254,0.25,8,100,64,0.0,1,200,40,0,0,200,104,0.25,4,200,10,0,0,200,99,0.5483870967741935,93,200,0
412,0,0,100,76,0.5609756097560976,41,100,110,0.3333333333333333,3,100,18,0.7272727272727273,11,100,122,0.5534804753820034,589,100,104,0.4339622641509434,53,200,53,0.7142857142857143,7,200,63,0.5412371134020618,194,200,236,0.5686274509803921,51,200,92,0.4126984126984127,63,200,1
4,1.0,1,100,18,0.0,2,100,59,0.2857142857142857,7,100,117,0.3,10,100,75,0.3333333333333333,6,100,238,0.6,30,200,104,0.42857142857142855,7,200,127,0.7,10,200,19,0,0,200,40,0,0,200,1
254,0.5,16,100,68,0,0,100,1,0.3333333333333333,3,100,42,0,0,100,30,0.5714285714285714,7,100,81,0.6666666666666666,3,200,154,1.0,1,200,238,0.8,5,200,16,0.5509554140127388,314,200,57,0.2,5,200,0
201,1.0,5,100,114,0,0,100,63,0.5662650602409639,83,100,236,0,0,100,5,0,0,100,122,0.475,40,200,26,0.5625,160,200,98,0,0,200,80,0.6634615384615384,104,200,107,1.0,1,200,0
103,1.0,1,100,104,0.0,1,100,107,0,0,100,14,1.0,1,100,37,0,0,100,126,0.7222222222222222,18,200,35,0.5625,48,200,53,0.5446428571428571,112,200,68,0.5645161290322581,62,200,42,0.5714285714285714,7,200,1
421,0.5333333333333333,15,100,45,0.0,1,100,67,0.6666666666666666,6,100,85,0.5,2,100,40,0.6666666666666666,3,100,56,0.4,5,200,15,0.625,16,200,122,0.75,4,200,25,0.41025641025641024,39,200,101,0.4423076923076923,52,200,0
127,0.5423728813559322,59,100,14,0.25,4,100,104,0,0,100,64,0.4881889763779528,127,100,412,0.4473684210526316,114,100,61,0.5,26,200,1,0,0,200,111,0,0,200,76,0.3448275862068966,29,200,429,0.5,2,200,1
53,0.0,2,100,19,0,0,100,8,0.6027397260273972,73,100,75,0.6111111111111112,90,100,236,0.65,40,100,64,0.4166666666666667,60,200,103,0.0,2,200,36,0,0,200,15,0.3333333333333333,6,200,412,0,0,200,0
131,0.6309523809523809,168,100,40,0.5562913907284768,151,100,85,0,0,100,76,0.574585635359116,181,100,51,0.5384615384615384,39,100,105,0.6829268292682927,41,200,39,0.5408163265306123,98,200,21,0.25,4,200,107,0.5,4,200,432,0.5466034755134281,633,200,1
42,0.6363636363636364,11,100,16,0,0,100,107,0.5402081362346263,1057,100,85,0.5305105853051059,803,100,45,0,0,100,79,0.5,16,200,112,0.30434782608695654,23,200,39,0.572289156626506,166,200,37,0.5314757481940144,969,200,67,0.3805970149253731,134,200,0
81,0.49477351916376305,287,100,39,0,0,100,76,0.8,15,100,122,0,0,100,201,0.6,5,100,105,0.6141732283464567,127,200,223,0.4444444444444444,9,200,25,0.8,10,200,131,1.0,1,200,67,0.25,4,200,0
81,0.3333333333333333,6,100,16,0.5340909090909091,88,100,99,1.0,1,100,58,0.5454545454545454,22,100,134,0,0,100,110,0.2222222222222222,9,200,267,0,0,200,103,0.569620253164557,79,200,32,0.4793388429752066,121,200,85,0.75,8,200,0
61,0.5098039215686274,51,100,23,0.5210355987055016,618,100,202,0.5160142348754448,281,100,37,0,0,100,107,0.55,20,100,111,0.5,4,200,43,0.631578947368421,19,200,67,0.6771653543307087,127,200,64,0.4691358024691358,162,200,115,0.5333333333333333,15,200,0
21,0.6,5,100,40,0.5676037483266398,747,100,58,0.3333333333333333,3,100,60,0,0,100,7,0.3333333333333333,3,100,63,0.0,1,200,64,0.4444444444444444,18,200,236,0.3333333333333333,3,200,103,0.5833333333333334,12,200,126,0.6,5,200,0
64,0.2631578947368421,19,100,24,0,0,100,42,0.5294117647058824,17,100,1,0.5,4,100,126,0.3333333333333333,3,100,157,0.5,12,200,61,0,0,200,412,0.5273972602739726,146,200,107,1.0,1,200,51,1.0,1,200,1
268,0,0,100,58,0.5,4,100,267,0.3333333333333333,6,100,36,0,0,100,51,0.3333333333333333,3,100,27,0.5239616613418531,626,200,80,0.25,4,200,42,0,0,200,40,0.0,3,200,32,0,0,200,1
99,0.6206896551724138,29,100,432,0.625,8,100,78,0.0,1,100,23,0.5210355987055016,618,100,64,0.4956521739130435,115,100,53,0.43333333333333335,30,200,81,0.36363636363636365,33,200,157,0.4166666666666667,36,200,131,0.5306122448979592,49,200,60,0.5,130,200,0
2,1.0,1,100,75,0.7692307692307693,13,100,4,0.5694716242661448,511,100,222,0.5779816513761468,109,100,37,0.5314757481940144,969,100,432,0.5,34,200,202,0.6338028169014085,71,200,64,0.5714285714285714,7,200,90,0.5294117647058824,51,200,57,0.42857142857142855,7,200,0
37,0.5314757481940144,969,100,101,0,0,100,57,0.6153846153846154,13,100,236,0,0,100,59,0,0,100,238,0.5714285714285714,7,200,64,0.5230769230769231,65,200,29,0.6470588235294118,17,200,117,0.0,2,200,40,0.4444444444444444,18,200,0
107,0.2727272727272727,11,100,8,0.3076923076923077,13,100,429,0.5625,16,100,238,0.0,1,100,25,0,0,100,62,0.6015424164524421,389,200,103,0.3333333333333333,6,200,105,0.5151515151515151,33,200,40,0.5362318840579711,69,200,104,0.5,12,200,1
38,0,0,100,18,0.35294117647058826,17,100,412,0.5306122448979592,98,100,107,0.5,26,100,83,0,0,100,40,0.0,3,200,68,0.3333333333333333,3,200,51,0.38095238095238093,21,200,62,0,0,200,157,0,0,200,0
238,0.6,30,100,421,0.5063291139240507,79,100,27,0.5283687943262412,282,100,236,0.3333333333333333,9,100,161,0,0,100,131,0.35294117647058826,17,200,53,0.6666666666666666,3,200,75,0.3333333333333333,3,200,222,0.75,4,200,85,0.5957446808510638,235,200,1
20,1.0,3,100,104,0,0,100,8,0.0,2,100,121,0.5639269406392694,438,100,25,0.3076923076923077,13,100,111,0.6428571428571429,14,200,412,0,0,200,68,0.5645161290322581,62,200,15,0,0,200,92,0.6615384615384615,65,200,1
96,0,0,100,76,0.0,1,100,412,0,0,100,24,0.8461538461538461,13,100,28,0.40540540540540543,37,100,110,0.38461538461538464,13,200,7,0.7169811320754716,53,200,60,0.6371681415929203,113,200,40,0.5684210526315789,95,200,68,0,0,200,0
13,0,0,100,126,0.0,3,100,42,0.14285714285714285,7,100,64,0.6842105263157895,38,100,89,0.6666666666666666,15,100,37,0.5314757481940144,969,200,96,0.6521739130434783,23,200,121,0.14285714285714285,7,200,39,0,0,200,101,0.3333333333333333,6,200,0
126,0.7272727272727273,11,100,201,0,0,100,51,0.2857142857142857,7,100,268,0.4,5,100,28,0,0,100,50,0.5263157894736842,133,200,40,0.5327102803738317,214,200,222,0.5882352941176471,17,200,91,0.0,1,200,114,0,0,200,1
107,0.4,10,100,53,0.0,1,100,115,0.0,1,100,113,0,0,100,104,0.2,5,100,51,0.4166666666666667,12,200,61,0,0,200,89,0,0,200,64,0.4881889763779528,127,200,122,0,0,200,1
119,0,0,100,121,0,0,100,127,0.6510067114093959,149,100,101,1.0,1,100,16,0,0,100,236,0.45714285714285713,35,200,134,0.6363636363636364,11,200,57,0,0,200,9,0.5,2,200,412,0,0,200,0
64,0.25,8,100,39,0,0,100,40,0.5,2,100,38,0,0,100,42,0.6416666666666667,120,100,7,0,0,200,104,0,0,200,53,0.5333333333333333,15,200,126,0.4666666666666667,15,200,54,0,0,200,1
103,0,0,100,53,0.4,5,100,222,0.45454545454545453,11,100,117,0.6190476190476191,21,100,60,0.0,1,100,18,1.0,4,200,8,0,0,200,80,1.0,2,200,89,0,0,200,11,0,0,200,1
63,0,0,100,29,0.5394736842105263,76,100,64,0,0,100,16,0.42857142857142855,7,100,17,0,0,100,81,0.5,36,200,57,0.6428571428571429,14,200,43,0,0,200,107,0,0,200,25,0,0,200,1
2,0.6538461538461539,26,100,84,0,0,100,67,0.6585365853658537,41,100,40,0.4,5,100,27,0.6666666666666666,15,100,236,0.5682539682539682,315,200,39,0.5,16,200,13,0,0,200,412,0.5813953488372093,43,200,5,0,0,200,0
39,0,0,100,80,0.6666666666666666,3,100,40,0.4444444444444444,9,100,105,0.3333333333333333,9,100,18,0,0,100,38,0.25,4,200,24,0.0,1,200,15,0.5869565217391305,46,200,89,0.5,10,200,120,0.5555555555555556,27,200,0
37,0.6666666666666666,3,100,113,0.46153846153846156,13,100,30,0.5769230769230769,26,100,15,0.6,25,100,57,1.0,2,100,42,0,0,200,412,0.5211267605633803,71,200,150,0,0,200,79,0,0,200,103,0,0,200,0
51,0.5,100,100,105,1.0,1,100,133,0.5714285714285714,14,100,62,0.25,4,100,12,0.5658536585365853,205,100,101,0.5128205128205128,39,200,92,0.7142857142857143,7,200,412,0.4444444444444444,18,200,111,0.6666666666666666,3,200,429,0,0,200,1
13,0.6666666666666666,3,100,201,0,0,100,78,0.0,5,100,51,0.512396694214876,121,100,267,0,0,100,64,0.8571428571428571,7,200,236,0.5,4,200,43,0,0,200,121,0.55,20,200,115,0,0,200,0
119,0.64,75,100,107,0.5357142857142857,28,100,13,0,0,100,54,0,0,100,412,0.4583333333333333,192,100,9,0.5,2,200,238,0,0,200,10,0.0,2,200,39,1.0,1,200,42,0.5555555555555556,27,200,1
67,0.5416666666666666,24,100,56,0.75,4,100,61,0.5,2,100,12,0,0,100,8,0.0,1,100,131,0.34782608695652173,23,200,119,0.5,20,200,43,0,0,200,102,0.8,5,200,60,0.2,10,200,0
267,0,0,100,101,0.45454545454545453,22,100,18,0,0,100,68,0.5645161290322581,62,100,107,0.3333333333333333,9,100,99,0.0,1,200,121,1.0,2,200,33,0.6063829787234043,282,200,412,0.5,44,200,150,0,0,200,1
55,0.25,4,100,40,0.5603448275862069,232,100,222,0,0,100,64,0.5,6,100,24,0.625,8,100,105,0.45454545454545453,11,200,127,0.6190476190476191,21,200,96,0,0,200,35,0.5,16,200,16,0,0,200,1
412,0.5,4,100,33,0,0,100,238,0.7058823529411765,34,100,96,0,0,100,12,0,0,100,89,0.6666666666666666,3,200,13,0.5,8,200,61,1.0,1,200,18,0,0,200,2,0,0,200,0
59,0.8,20,100,117,0.5,10,100,29,0.7777777777777778,9,100,1,0.6895306859205776,277,100,122,0.6069182389937107,636,100,81,0.5,4,200,84,0.6666666666666666,3,200,104,0.654320987654321,81,200,13,0.625,40,200,63,0.53125,64,200,0
24,0.0,1,100,61,0.36,25,100,51,0.4,5,100,75,0.5394736842105263,304,100,58,0.5383177570093458,535,100,104,0.0,1,200,62,0,0,200,157,0.391304347826087,23,200,103,0.6402116402116402,189,200,40,0.6363636363636364,11,200,0
266,0,0,100,38,0,0,100,25,0.5,4,100,57,0.6428571428571429,14,100,236,0.6538461538461539,26,100,91,0.0,3,200,79,0,0,200,412,0.5414847161572053,229,200,59,0.25,4,200,51,0.0,2,200,0
412,0,0,100,24,0,0,100,18,0,0,100,60,0.5,2,100,4,0.16666666666666666,6,100,37,0.5314757481940144,969,200,72,0,0,200,61,0.6818181818181818,22,200,81,0.5555555555555556,9,200,58,0.75,4,200,0
37,0.5314757481940144,969,100,51,0.5,12,100,59,0.0,2,100,157,0,0,100,76,0.0,1,100,236,0.7142857142857143,14,200,105,0.0,2,200,35,0.5330188679245284,424,200,1,0,0,200,126,0,0,200,1
421,0.6304347826086957,46,100,40,0.5416666666666666,72,100,67,0.4883720930232558,43,100,61,0.3333333333333333,3,100,39,0.2,5,100,105,0.0,3,200,59,0.48,25,200,10,0.5185185185185185,81,200,51,0.5,10,200,54,0.36363636363636365,11,200,0
92,0.5853658536585366,41,100,112,0.5,242,100,16,0.625,16,100,222,0.0,1,100,64,0.4881889763779528,127,100,58,0.41304347826086957,46,200,67,0.6111111111111112,90,200,421,0.52,75,200,38,0,0,200,63,0.5,2,200,0
42,0,0,100,57,0,0,100,112,0,0,100,59,0.0,1,100,1,0,0,100,64,0.5301204819277109,83,200,236,0.2777777777777778,18,200,134,1.0,1,200,31,0,0,200,25,0.0,1,200,0
268,0,0,100,59,0,0,100,43,0.5555555555555556,9,100,150,0,0,100,222,0.5652173913043478,23,100,161,0.25,4,200,254,0,0,200,236,0.0,1,200,84,0,0,200,101,0,0,200,0
58,0.0,1,100,412,0.5566502463054187,203,100,64,0.5,6,100,10,0.7096774193548387,31,100,119,0,0,100,18,0,0,200,114,0,0,200,9,0.5242290748898678,227,200,115,1.0,1,200,89,0,0,200,0
104,0,0,100,28,0,0,100,98,0.52,75,100,25,1.0,1,100,54,0.3888888888888889,54,100,39,0.5,30,200,81,0.75,4,200,77,0.5263157894736842,19,200,103,0.5,36,200,412,0.4444444444444444,36,200,1
22,0,0,100,28,0.5822454308093995,383,100,7,0,0,100,16,0.3181818181818182,22,100,114,0.5304347826086957,115,100,9,0.5541666666666667,240,200,67,0.2857142857142857,21,200,238,0.5333333333333333,15,200,37,0.5314757481940144,969,200,8,0.0,1,200,0
236,0.5526315789473685,190,100,33,0,0,100,126,0.54,100,100,13,0.0,2,100,40,0.42857142857142855,7,100,238,0.375,8,200,12,0.0,1,200,59,1.0,1,200,150,0.5,18,200,67,0,0,200,0
421,0,0,100,15,0.4230769230769231,26,100,62,0,0,100,101,0.5,14,100,432,0.4722222222222222,36,100,254,0.375,16,200,7,0.5609756097560976,41,200,39,0.25,8,200,236,0.48148148148148145,54,200,12,1.0,3,200,0
157,0.5263157894736842,38,100,201,0.3333333333333333,6,100,32,0,0,100,45,0.0,1,100,29,0.5,2,100,143,0.43478260869565216,23,200,57,0,0,200,59,0.625,8,200,18,1.0,1,200,25,0.0,1,200,1
92,0.5625,16,100,254,0.5783783783783784,185,100,203,1.0,1,100,13,0,0,100,432,0,0,100,64,0.6296296296296297,54,200,222,0,0,200,131,0.55,20,200,17,0.5384615384615384,39,200,80,0,0,200,1
57,0,0,100,64,0.42857142857142855,7,100,18,0.4,5,100,76,0.0,5,100,17,0.5205479452054794,73,100,115,0,0,200,236,0.4482758620689655,29,200,58,0.3333333333333333,3,200,412,0.5,282,200,60,0.2,5,200,1
76,0,0,100,91,0.6153846153846154,13,100,15,0.5,10,100,16,0.3,10,100,85,0,0,100,117,0,0,200,12,0.6176470588235294,68,200,421,0,0,200,67,0.53125,64,200,92,0.4861111111111111,72,200,1
51,0.4,10,100,201,0,0,100,35,0,0,100,58,0,0,100,43,0,0,100,34,0,0,200,64,0,0,200,117,0.42857142857142855,14,200,59,0,0,200,42,0.75,4,200,0
83,0,0,100,412,0,0,100,105,0.8,10,100,51,0.5625,16,100,121,1.0,1,100,64,0.4881889763779528,127,200,76,0,0,200,92,0.7037037037037037,27,200,236,0.2857142857142857,7,200,26,0.0,1,200,1
64,0,0,100,238,0.5714285714285714,21,100,107,0,0,100,51,0.38235294117647056,68,100,16,0.5,6,100,38,0,0,200,33,0.5833333333333334,12,200,119,0.5454545454545454,22,200,25,1.0,3,200,58,0,0,200,1
267,0.5652173913043478,46,100,236,0.5263157894736842,19,100,2,0.5,2,100,61,0.5714285714285714,7,100,245,0.2,5,100,64,0.5254237288135594,118,200,4,0.5181538461538462,1625,200,202,0.47368421052631576,19,200,13,0.6271186440677966,59,200,53,0.5384615384615384,130,200,1
64,0.0,1,100,103,0,0,100,37,0.5314757481940144,969,100,117,0.0,3,100,222,0.6,5,100,161,0,0,200,58,0.5714285714285714,7,200,267,0,0,200,20,0.0,1,200,236,0.6923076923076923,26,200,1
32,1.0,1,100,103,0.4864864864864865,37,100,18,1.0,1,100,55,0.5238095238095238,42,100,92,0.4126984126984127,63,100,222,0,0,200,107,0.5,4,200,157,0.2,5,200,101,0.5,2,200,143,0,0,200,0
51,0.4,5,100,78,0.5,8,100,4,0.5,2,100,143,0.5595238095238095,168,100,121,0.5,44,100,238,1.0,1,200,107,0.45454545454545453,11,200,17,0.5384615384615384,26,200,12,0.5238095238095238,21,200,22,0.6153846153846154,26,200,1
238,0.5128205128205128,156,100,37,0.5314757481940144,969,100,20,0,0,100,96,0.42857142857142855,7,100,74,0.5116279069767442,86,100,81,0.6,70,200,131,0.5,4,200,39,0.5301204819277109,83,200,9,0.0,1,200,40,0.5,26,200,1
39,0.0,2,100,20,0.0,1,100,111,0.5,10,100,429,0.5,2,100,31,0.6,20,100,23,0,0,200,61,0.5454545454545454,11,200,107,0.6071428571428571,28,200,104,0.5,2,200,412,0.75,4,200,1
19,0,0,100,1,0,0,100,104,0,0,100,72,0.4166666666666667,24,100,89,0,0,100,11,0.5512820512820513,78,200,39,0,0,200,51,0,0,200,61,0.0,1,200,25,0.4375,16,200,0
53,0.43478260869565216,23,100,57,0,0,100,102,0,0,100,20,0,0,100,81,0.46153846153846156,13,100,268,0,0,200,120,0.5,2,200,121,0.509090909090909,55,200,42,0.16666666666666666,6,200,40,0,0,200,1
7,0.0,1,100,121,0.45454545454545453,11,100,79,0.6428571428571429,14,100,18,0,0,100,9,0.5609756097560976,205,100,25,0.5615384615384615,130,200,28,0,0,200,13,0.45,40,200,76,0.6666666666666666,3,200,236,0.5652173913043478,46,200,0
53,0.4,5,100,36,0.0,1,100,238,0.5714285714285714,133,100,32,0.2857142857142857,14,100,21,0.6666666666666666,15,100,114,0,0,200,25,0.5568400770712909,519,200,16,0.6666666666666666,3,200,236,0.4540540540540541,185,200,33,0.25,4,200,1
7,0.53125,96,100,40,0.5596707818930041,1215,100,67,0.48299319727891155,147,100,41,0.5223880597014925,67,100,121,0,0,100,64,0,0,200,4,0.5181538461538462,1625,200,16,0.6428571428571429,14,200,18,0.6587301587301587,126,200,131,0.5303703703703704,675,200,1
53,0.5051546391752577,97,100,61,0.3333333333333333,3,100,42,0,0,100,24,0,0,100,64,0.5217391304347826,46,100,126,0,0,200,60,0.5714285714285714,112,200,429,0,0,200,16,1.0,1,200,68,0.5769230769230769,52,200,0
107,1.0,1,100,131,0,0,100,236,0.582089552238806,134,100,92,0.23076923076923078,13,100,432,0.532608695652174,92,100,120,0.4444444444444444,9,200,85,0,0,200,429,0.5789473684210527,19,200,105,0.7,20,200,64,0,0,200,1
59,0,0,100,18,0.7272727272727273,11,100,4,0.0,2,100,25,0.3,10,100,32,0.2,5,100,236,0.5955056179775281,89,200,1,0.6,30,200,150,0.5652173913043478,23,200,254,0,0,200,161,0,0,200,1
222,0.625,40,100,412,0,0,100,64,0.35294117647058826,17,100,27,0,0,100,10,0,0,100,238,0.4166666666666667,12,200,29,0,0,200,89,0.625,8,200,121,0.46153846153846156,13,200,68,0,0,200,0
104,0,0,100,12,0.5135135135135135,74,100,35,0.5301724137931034,232,100,26,0,0,100,23,0,0,100,14,0.0,1,200,37,0.5314757481940144,969,200,18,0.3333333333333333,3,200,25,0.6285714285714286,35,200,64,0,0,200,1
103,0.46153846153846156,13,100,236,0.5428571428571428,140,100,121,0.49056603773584906,53,100,39,0,0,100,412,0.6666666666666666,6,100,61,0,0,200,150,0,0,200,42,0,0,200,107,0.36363636363636365,11,200,40,0.6142131979695431,197,200,1
134,1.0,1,100,267,0,0,100,51,0.25,4,100,92,0.0,4,100,111,0,0,100,236,0,0,200,64,0.42857142857142855,56,200,10,0,0,200,53,0.0,3,200,13,0,0,200,0
9,0,0,100,25,0.0,2,100,14,0.6666666666666666,15,100,238,0.4666666666666667,15,100,15,0,0,100,40,0.5526315789473685,152,200,38,0,0,200,57,0.5555555555555556,27,200,254,0.45652173913043476,138,200,81,0.6666666666666666,9,200,0
12,0.0,2,100,120,0.5172413793103449,29,100,81,0.4246575342465753,73,100,28,0,0,100,222,0.6590909090909091,44,100,110,0.625,24,200,157,0,0,200,112,0,0,200,40,0.0,3,200,119,0.6029411764705882,68,200,0
81,0,0,100,107,1.0,1,100,8,0,0,100,101,0.8181818181818182,11,100,111,0,0,100,20,0,0,200,429,0,0,200,267,0.6,20,200,43,0.0,1,200,39,0.35714285714285715,14,200,0
80,0.5555555555555556,36,100,268,0,0,100,236,0.75,4,100,39,0.5333333333333333,15,100,37,0.5314757481940144,969,100,107,0.5636363636363636,110,200,115,0.0,1,200,98,1.0,2,200,111,0,0,200,104,0.25,8,200,0
29,0.55,220,100,126,0.5375722543352601,346,100,202,0.603448275862069,58,100,85,0.5558272208638957,1227,100,48,0.2857142857142857,7,100,68,0.0,2,200,16,0.47058823529411764,34,200,99,0.5178571428571429,56,200,81,0.5121951219512195,41,200,60,0.5084745762711864,59,200,0
64,0.0,1,100,68,0.7272727272727273,11,100,22,0.3333333333333333,3,100,157,0.3333333333333333,3,100,40,0.3333333333333333,6,100,122,0.4186046511627907,43,200,99,0,0,200,21,1.0,2,200,60,0.5,156,200,12,0.6774193548387096,31,200,0
43,0,0,100,412,0.0,1,100,59,0,0,100,39,0.4117647058823529,34,100,236,0.36363636363636365,88,100,9,0.6698113207547169,106,200,126,0.7777777777777778,9,200,76,0.5,2,200,37,0.5314757481940144,969,200,81,0,0,200,1
107,0,0,100,89,0.7272727272727273,11,100,80,0,0,100,13,0,0,100,42,0,0,100,9,0.5882352941176471,17,200,150,0,0,200,53,0.46875,32,200,236,0.5,12,200,4,0,0,200,1
7,0.6428571428571429,14,100,60,0.0,2,100,25,1.0,2,100,18,0,0,100,126,0.7272727272727273,11,100,67,1.0,1,200,254,0.6666666666666666,15,200,58,0.4,30,200,4,0,0,200,53,0.5,12,200,0
120,0.7777777777777778,27,100,53,0.5333333333333333,15,100,104,0.5833333333333334,48,100,32,0.5,2,100,429,0.75,4,100,20,0.4583333333333333,48,200,4,0.582995951417004,494,200,236,0.5161290322580645,31,200,81,0.5398773006134969,163,200,412,0.5,10,200,1
64,0.0,1,100,1,0.5471698113207547,53,100,222,0,0,100,55,0.5,2,100,40,0.5474452554744526,137,100,18,0.47619047619047616,21,200,59,0.5,12,200,91,0.5,2,200,127,0.3333333333333333,3,200,37,0.5314757481940144,969,200,1
58,0.0,2,100,29,1.0,1,100,60,0.5681818181818182,88,100,76,0,0,100,25,0,0,100,412,0.6,5,200,39,0,0,200,35,0.5330188679245284,424,200,236,0.55,20,200,134,0.5,2,200,0
112,0.46,50,100,58,0.2,5,100,18,0.6,5,100,43,0.5116279069767442,43,100,28,0.5,4,100,76,0.5555555555555556,9,200,24,0,0,200,429,0.4,5,200,4,0.6363636363636364,22,200,53,0,0,200,1
61,0.4067796610169492,59,100,40,0.6101694915254238,354,100,59,0.0,1,100,222,0.6181818181818182,55,100,117,0.6015625,128,100,85,0.6212121212121212,66,200,18,0.8,5,200,107,0,0,200,1,1.0,1,200,53,0.44,25,200,1
236,0.6666666666666666,15,100,33,0,0,100,7,1.0,1,100,106,0.0,2,100,40,0.5283018867924528,106,100,119,0,0,200,157,0.3333333333333333,3,200,91,0.0,3,200,28,0,0,200,25,0.391304347826087,23,200,0
4,0.0,1,100,267,0.54,50,100,56,1.0,1,100,18,0.5384615384615384,13,100,68,0.0,1,100,98,0,0,200,48,0.25,8,200,103,0.631578947368421,19,200,11,0,0,200,15,0.6666666666666666,3,200,1
59,0,0,100,7,0.6,5,100,143,0.5164690382081687,759,100,150,0.0,1,100,51,0.45454545454545453,44,100,104,0.5,20,200,127,0.46153846153846156,13,200,131,0.375,8,200,254,0,0,200,53,0,0,200,0
101,0,0,100,79,0.4,20,100,222,1.0,2,100,39,0,0,100,161,1.0,1,100,68,0.5769230769230769,52,200,254,0.0,1,200,44,0,0,200,42,0.6923076923076923,13,200,127,0.6037735849056604,53,200,0
89,0.525,40,100,25,0,0,100,104,0.5,8,100,59,0.0,1,100,98,0,0,100,92,0.54,50,200,157,0.3157894736842105,19,200,7,0.0,4,200,67,0.2,5,200,201,1.0,1,200,0
150,0.5,18,100,16,0.6206896551724138,58,100,61,1.0,2,100,42,0,0,100,56,0.0,1,100,35,0.6176991150442478,565,200,57,0.5,2,200,104,0.4375,32,200,7,0,0,200,76,0,0,200,0
38,0.42857142857142855,28,100,35,0.0,2,100,18,1.0,1,100,101,0.0,1,100,267,0.6666666666666666,6,100,90,0.49019607843137253,51,200,21,0.3333333333333333,6,200,64,0.3181818181818182,22,200,12,0.6363636363636364,22,200,41,0.5,12,200,1
64,0.42857142857142855,14,100,412,0,0,100,67,0.625,16,100,157,0.7647058823529411,34,100,1,0.525,120,100,11,0.0,1,200,80,0,0,200,236,0.5,18,200,78,0,0,200,89,1.0,1,200,0
102,0,0,100,23,0.5333333333333333,30,100,105,0.75,4,100,104,0.6153846153846154,13,100,12,0,0,100,412,0.75,8,200,157,0.5714285714285714,35,200,43,0.5,28,200,67,0.46875,64,200,421,0.4074074074074074,27,200,0
39,0.5310734463276836,177,100,67,0,0,100,64,0,0,100,4,0.37037037037037035,27,100,267,0.4878048780487805,82,100,60,0.6126126126126126,111,200,92,0.6666666666666666,6,200,40,0.5283018867924528,106,200,51,0.3333333333333333,12,200,41,0.6551724137931034,29,200,1
201,0,0,100,421,0.547085201793722,223,100,104,0.8571428571428571,14,100,82,0,0,100,150,0.125,8,100,85,0.5,2,200,238,0.6470588235294118,34,200,40,0.6666666666666666,15,200,31,0.5,2,200,51,0.46153846153846156,13,200,1
112,0.5217391304347826,115,100,120,0.47058823529411764,34,100,51,0.42857142857142855,7,100,106,0.5,14,100,245,1.0,8,100,33,0.25,4,200,18,0,0,200,53,0.48936170212765956,47,200,54,0,0,200,99,0.25,12,200,1
421,1.0,2,100,68,0.5769230769230769,52,100,1,0.5313634007257646,1929,100,22,0.4,5,100,432,0.6666666666666666,3,100,222,0.75,8,200,268,0.4722222222222222,36,200,102,0.0,1,200,161,0,0,200,107,0.5,2,200,1
51,0.4931506849315068,73,100,40,0.5454545454545454,11,100,268,0.3333333333333333,3,100,117,0.3333333333333333,6,100,64,0.5714285714285714,7,100,2,0.6,5,200,8,0.3333333333333333,3,200,236,0.4540540540540541,185,200,223,0,0,200,32,0.5,2,200,0
51,0.5555555555555556,18,100,112,0,0,100,20,0.25,4,100,223,0.2631578947368421,19,100,105,0.6470588235294118,17,100,37,0.5314757481940144,969,200,22,0,0,200,77,0.5142857142857142,35,200,115,0,0,200,10,0.569060773480663,181,200,1
22,0.0,3,100,64,0.6,20,100,24,0.5666982024597919,1057,100,1,0,0,100,238,0.4482758620689655,29,100,222,0.0,2,200,25,0.589041095890411,73,200,86,0,0,200,26,0.5625,160,200,59,0.0,2,200,1
143,0.5164690382081687,759,100,89,0.5113636363636364,88,100,59,0.5546218487394958,119,100,222,0.525,40,100,54,0,0,100,61,0.375,16,200,9,0.5882352941176471,17,200,92,0.564179104477612,335,200,104,0,0,200,43,0.3333333333333333,6,200,1
107,0.6071428571428571,28,100,67,0.3333333333333333,6,100,103,0.62,50,100,98,0,0,100,111,0.5454545454545454,11,100,68,0.5172413793103449,29,200,104,0.0,1,200,40,0.56,25,200,76,0.5365853658536586,41,200,127,0.5833333333333334,12,200,0
9,0.5609756097560976,205,100,92,0.23076923076923078,13,100,79,0.5864661654135338,133,100,236,0.375,8,100,37,0.5314757481940144,969,100,55,0,0,200,13,0,0,200,15,0,0,200,412,0.5813953488372093,43,200,62,0,0,200,0
38,0,0,100,222,0.45454545454545453,11,100,17,0,0,100,412,0,0,100,80,0,0,100,64,0.7058823529411765,17,200,25,0.5263157894736842,57,200,79,0,0,200,4,0,0,200,96,0,0,200,1
107,0.7142857142857143,7,100,222,1.0,1,100,7,0,0,100,201,0.0,1,100,64,0.4881889763779528,127,100,60,0.4117647058823529,34,200,92,0.8333333333333334,6,200,236,0.5264367816091954,435,200,61,0.2857142857142857,7,200,25,0,0,200,0
245,0.5,32,100,222,0.7,10,100,412,0.7377049180327869,61,100,58,0.4,5,100,120,0.5454545454545454,66,100,432,0.6136363636363636,44,200,76,0.5,12,200,117,0.8,10,200,92,0.0,2,200,51,0.5208333333333334,48,200,0
24,0.71875,32,100,89,0.5,4,100,105,0,0,100,112,0,0,100,67,0.75,8,100,64,0.4444444444444444,9,200,56,0.25,4,200,15,0.5344827586206896,58,200,55,0.3333333333333333,3,200,12,0,0,200,1
126,0.45,20,100,154,0,0,100,40,0.5833333333333334,24,100,236,0.4540540540540541,185,100,54,1.0,1,100,21,0.6666666666666666,12,200,103,0.6666666666666666,6,200,39,0.3333333333333333,6,200,107,0.6363636363636364,11,200,25,0,0,200,0
91,0.6153846153846154,13,100,67,0,0,100,421,0.35714285714285715,42,100,201,0.3333333333333333,9,100,8,0,0,100,103,0.640625,128,200,81,0.5652173913043478,23,200,23,0.5487804878048781,82,200,157,0.6666666666666666,6,200,12,0.3333333333333333,6,200,0
267,0,0,100,56,0.5490196078431373,153,100,39,0,0,100,103,0.6266666666666667,75,100,51,0.5555555555555556,54,100,42,0,0,200,59,0.4,5,200,37,0.0,1,200,92,0.6,10,200,8,0.25,4,200,0
104,0.42105263157894735,19,100,53,0.42857142857142855,7,100,127,0.0,1,100,57,0.2,5,100,61,0.5789473684210527,57,100,222,0,0,200,254,0.5,2,200,103,0.5,4,200,412,0.5625,16,200,120,0.2857142857142857,7,200,1
4,0.5555555555555556,27,100,421,0.2857142857142857,7,100,1,0.0,1,100,62,0.5,2,100,104,0.7288135593220338,59,100,43,0.5555555555555556,9,200,56,1.0,1,200,40,0,0,200,105,0.5882352941176471,17,200,42,0.375,8,200,1
40,0.6129032258064516,62,100,154,0.6363636363636364,22,100,98,0.6030534351145038,524,100,119,0.631578947368421,19,100,112,0.4918032786885246,61,100,67,0.6363636363636364,11,200,60,0.5,156,200,61,0.6363636363636364,22,200,43,0.6470588235294118,17,200,57,0.46153846153846156,13,200,1
13,0,0,100,157,0.7647058823529411,34,100,119,0.42857142857142855,7,100,57,0.2413793103448276,29,100,25,0,0,100,121,0.0,2,200,150,0,0,200,7,0.0,1,200,236,0.125,8,200,267,0.0,1,200,0
28,0.0,5,100,236,0,0,100,13,0,0,100,267,0,0,100,126,0.5,6,100,222,0,0,200,91,0.25,4,200,76,0.6219512195121951,82,200,25,0,0,200,64,0.4,35,200,1
40,0.5660377358490566,53,100,59,1.0,1,100,110,0,0,100,429,0.5733333333333334,225,100,76,0.5,12,100,24,0.5372549019607843,1275,200,38,0.45,20,200,21,0.7142857142857143,14,200,64,0.45454545454545453,11,200,53,0.5333333333333333,15,200,1
5,0,0,100,238,0.55,20,100,236,0.55,20,100,37,0,0,100,36,0.5443037974683544,79,100,24,0.5714285714285714,7,200,76,0,0,200,51,0.5,16,200,254,0.6857142857142857,35,200,89,0,0,200,0
121,0.5686274509803921,51,100,12,0.5844155844155844,77,100,236,0.4540540540540541,185,100,75,0,0,100,1,0.45454545454545453,11,100,102,0,0,200,150,0.3,30,200,67,0.55,40,200,201,0.75,8,200,99,0.4583333333333333,48,200,1
13,0.5,8,100,51,0.4731182795698925,93,100,64,0.0,1,100,412,0.4834123222748815,211,100,134,0.0,1,100,236,0.0,2,200,10,0.5,4,200,126,0.0,1,200,35,0.5,20,200,53,0.7111111111111111,45,200,1
80,0.5,4,100,134,0.2857142857142857,7,100,75,0,0,100,119,0,0,100,238,0.5094339622641509,689,100,222,0,0,200,64,0.5081967213114754,61,200,30,0.4,5,200,98,0.5,10,200,57,0.16666666666666666,6,200,0
268,0.625,8,100,122,0.4763636363636364,275,100,412,0.48,25,100,12,0.4444444444444444,9,100,15,0,0,100,92,0.4126984126984127,63,200,77,0.47058823529411764,68,200,267,0.75,8,200,110,0.0,3,200,112,0.36363636363636365,11,200,0
67,0,0,100,40,0,0,100,80,0.25,4,100,238,0,0,100,127,0.5,4,100,157,0.46938775510204084,49,200,64,0.4881889763779528,127,200,18,0.0,2,200,201,0,0,200,11,0.6,20,200,0
429,0.6818181818181818,22,100,421,0,0,100,89,0.0,2,100,161,0,0,100,96,0,0,100,9,0.5882352941176471,17,200,17,0,0,200,12,0.46153846153846156,13,200,22,0.48148148148148145,27,200,7,0.4444444444444444,9,200,0
429,0.5441176470588235,68,100,121,0.584958217270195,359,100,103,0.5454545454545454,22,100,432,0.5693069306930693,202,100,23,0.5611015490533563,581,100,111,0,0,200,22,0,0,200,38,0,0,200,58,0.4090909090909091,22,200,28,0.5,4,200,0
82,0,0,100,111,0.3888888888888889,18,100,76,0.5714285714285714,28,100,126,0.5,2,100,223,0,0,100,53,0.5333333333333333,15,200,268,0.29411764705882354,17,200,245,0.5714285714285714,7,200,92,0.5,46,200,104,0.5925925925925926,54,200,0
62,0.30434782608695654,23,100,103,0.5,2,100,81,0.14285714285714285,14,100,114,0.25,4,100,117,1.0,1,100,25,0.7058823529411765,17,200,64,0.4939759036144578,83,200,85,0.25,4,200,421,0.5769230769230769,26,200,104,0,0,200,1
39,0.5532994923857868,394,100,245,0.0,1,100,40,0.6145833333333334,288,100,105,0.5,2,100,51,0.5294117647058824,17,100,76,0.6538461538461539,52,200,222,0.0,1,200,111,0,0,200,4,0.5684210526315789,475,200,16,0,0,200,1
80,0,0,100,119,0.5625,112,100,111,0.46153846153846156,13,100,150,0,0,100,81,0.5652173913043478,46,100,4,0.5430579964850615,569,200,107,0.6071428571428571,28,200,51,0.0,5,200,98,0.5579399141630901,233,200,16,0.2,5,200,1
81,0.4835164835164835,91,100,37,0.5314757481940144,969,100,39,0.5909090909090909,44,100,105,0.43478260869565216,23,100,9,0,0,100,64,0,0,200,222,0,0,200,53,0.5,2,200,27,0,0,200,131,0.5303703703703704,675,200,0
64,0.18181818181818182,11,100,40,0.5844748858447488,219,100,268,0.5818181818181818,55,100,126,0.7272727272727273,11,100,67,0,0,100,48,0.6428571428571429,14,200,13,0,0,200,37,0.47058823529411764,17,200,157,0.5777777777777777,135,200,18,0.0,3,200,1
98,0.6666666666666666,18,100,127,0,0,100,64,0.5,78,100,119,0.5,20,100,53,0.5,2,100,78,0.375,8,200,74,0.5333333333333333,15,200,201,0.0,1,200,429,0.5555555555555556,9,200,157,0.5,128,200,0
40,0.5454545454545454,77,100,64,0.48148148148148145,135,100,67,0.6666666666666666,63,100,122,0.53125,160,100,43,0.6,5,100,202,0.5307262569832403,179,200,4,0.5181538461538462,1625,200,12,0.5517241379310345,87,200,85,0.5558272208638957,1227,200,107,0.6666666666666666,30,200,1
76,0.0,1,100,238,0.6223776223776224,143,100,18,0.5,6,100,161,0.5,6,100,48,0.526395173453997,663,100,92,0.6408450704225352,142,200,117,0.6666666666666666,12,200,64,0.38235294117647056,34,200,143,0.5950413223140496,121,200,236,0.4383561643835616,146,200,1
69,0.3333333333333333,3,100,421,0.5592417061611374,211,100,43,0.48,25,100,412,0,0,100,67,0.5,10,100,20,0,0,200,7,0,0,200,15,0,0,200,36,0.5,2,200,432,0.53125,96,200,0
24,0.5555555555555556,99,100,79,0.5,2,100,12,0.4,5,100,236,0.5,12,100,115,1.0,1,100,40,0.6190476190476191,21,200,76,0.5857142857142857,70,200,112,0,0,200,27,0.540084388185654,237,200,67,0.45454545454545453,11,200,1
42,0.45,40,100,101,0,0,100,126,0,0,100,40,0.509090909090909,55,100,14,0.4,10,100,64,0.0,5,200,61,0.5,2,200,18,1.0,2,200,105,0.5185185185185185,27,200,267,0,0,200,0
42,0.7368421052631579,19,100,28,0.5,4,100,133,0,0,100,412,0,0,100,134,0.8,5,100,7,0,0,200,157,0.48484848484848486,66,200,25,0.1111111111111111,9,200,236,0,0,200,64,0.3125,16,200,0
121,0,0,100,18,0.7142857142857143,7,100,115,0.5527272727272727,275,100,14,0,0,100,17,0,0,100,1,0.5573770491803278,61,200,42,0,0,200,412,0,0,200,107,0,0,200,150,1.0,1,200,1
429,0.5733333333333334,225,100,57,0.3333333333333333,3,100,421,0.5862068965517241,58,100,34,0,0,100,201,0,0,100,79,0.5604395604395604,91,200,412,1.0,2,200,39,0,0,200,103,0.6,5,200,15,0.38461538461538464,13,200,1
26,0,0,100,107,0.5550847457627118,236,100,238,0,0,100,67,0,0,100,105,0.0,1,100,101,1.0,1,200,121,0,0,200,42,0.5526315789473685,38,200,267,0.2727272727272727,22,200,17,0.5384615384615384,26,200,1
20,0,0,100,48,0.5,18,100,30,0.42857142857142855,7,100,236,0,0,100,40,0,0,100,134,0,0,200,412,0,0,200,150,0.5,18,200,56,0.5686274509803921,102,200,222,0.0,6,200,0
24,0.0,1,100,238,0.6,10,100,81,0.3333333333333333,3,100,12,0.5238095238095238,21,100,102,0.45454545454545453,11,100,25,0.6,5,200,62,0.7037037037037037,27,200,2,0,0,200,76,0,0,200,18,0.5,2,200,0
17,0.556,250,100,61,0,0,100,121,0.6,5,100,25,0.8333333333333334,6,100,29,0.6666666666666666,3,100,238,0.3333333333333333,3,200,81,0.5421686746987951,83,200,8,0,0,200,11,0,0,200,412,0,0,200,1
121,0.0,2,100,92,0,0,100,222,0,0,100,82,0,0,100,267,0,0,100,51,0.5192307692307693,52,200,134,0,0,200,40,0.5454545454545454,11,200,76,0.0,1,200,62,0,0,200,0
105,0.4666666666666667,15,100,92,0.6666666666666666,3,100,222,1.0,1,100,267,0,0,100,72,0,0,100,115,0,0,200,51,0.6363636363636364,11,200,266,0,0,200,76,0.0,1,200,25,0.25,4,200,1
201,0.52,25,100,51,0.43902439024390244,41,100,11,0.3625,80,100,117,0.4444444444444444,9,100,39,0.5142857142857142,35,100,42,0.35714285714285715,14,200,31,0.5,2,200,23,0.5565217391304348,345,200,60,0.3333333333333333,12,200,412,0.4444444444444444,36,200,1
40,0.72,25,100,64,0.3333333333333333,3,100,238,0.6,5,100,236,0.5263157894736842,19,100,117,0,0,100,107,0.5643340857787811,443,200,150,0.5,2,200,110,0,0,200,37,0.5314757481940144,969,200,134,0.5833333333333334,12,200,1
38,1.0,2,100,42,0.4074074074074074,27,100,33,0.0,1,100,35,0.5199063231850117,427,100,76,0.5918367346938775,49,100,67,0.45454545454545453,11,200,64,0,0,200,40,0.47368421052631576,76,200,117,0.36363636363636365,11,200,126,0.3333333333333333,3,200,1
41,0.5256410256410257,78,100,67,0,0,100,64,0.4881889763779528,127,100,43,0.5125,80,100,432,0.4,5,100,4,0.6388888888888888,36,200,18,0,0,200,76,0.5,4,200,12,0.5,6,200,157,0.5625,144,200,1
76,0.6666666666666666,6,100,64,0.0,7,100,222,0,0,100,4,0,0,100,89,0,0,100,67,0,0,200,103,1.0,1,200,28,0.5151515151515151,99,200,11,0.5581395348837209,43,200,12,0,0,200,1
44,0,0,100,120,0.6267281105990783,217,100,101,0,0,100,81,0.5,28,100,39,0.75,8,100,9,0.0,1,200,201,0,0,200,238,0,0,200,14,0.3333333333333333,3,200,236,1.0,2,200,0
113,0,0,100,42,0,0,100,69,0.6111111111111112,36,100,117,0.5,2,100,150,0.4,30,100,412,0,0,200,72,0.3333333333333333,3,200,157,0.5426829268292683,164,200,102,0.5384615384615384,39,200,15,0.631578947368421,57,200,0
35,0,0,100,7,0,0,100,92,0.4794520547945205,73,100,412,0.25,4,100,126,0,0,100,51,0,0,200,69,0,0,200,254,0.5,10,200,133,0.5714285714285714,14,200,89,0,0,200,0
35,0,0,100,84,0,0,100,12,0,0,100,51,0.5,4,100,64,0.4881889763779528,127,100,412,0,0,200,121,0,0,200,122,0,0,200,236,0.4782608695652174,138,200,79,0.4888888888888889,90,200,1
64,0.0,1,100,1,0.3333333333333333,3,100,104,0.4,5,100,10,0,0,100,8,0,0,100,53,1.0,5,200,236,0.8,5,200,126,0.0,1,200,80,0.44,25,200,13,0.4782608695652174,46,200,0
11,0.0,2,100,236,0.4567307692307692,208,100,157,0.48936170212765956,47,100,38,0.5042735042735043,117,100,63,0.5967741935483871,186,100,412,0.4639175257731959,97,200,76,0.6206896551724138,58,200,103,0.4375,16,200,67,0.5128205128205128,39,200,126,0.5022556390977444,665,200,0
57,0.6666666666666666,24,100,31,0.5,2,100,236,0.46511627906976744,43,100,64,0.41935483870967744,31,100,412,0.5555555555555556,18,100,55,0.4915254237288136,59,200,120,0.625,8,200,40,0.6153846153846154,13,200,111,0,0,200,51,0.582089552238806,402,200,0
117,0,0,100,157,0.38636363636363635,44,100,59,1.0,1,100,53,0.3333333333333333,3,100,222,0,0,100,39,0.5454545454545454,33,200,25,0,0,200,30,0.5769230769230769,26,200,20,0.0,2,200,51,0.0,2,200,1
107,0,0,100,20,0.4583333333333333,48,100,4,0.6428571428571429,14,100,92,0.42857142857142855,14,100,18,0,0,100,254,0,0,200,76,0.0,1,200,157,0,0,200,37,0.5314757481940144,969,200,236,0.0,2,200,1
53,0.5757575757575758,33,100,120,0.5454545454545454,66,100,16,0,0,100,68,0,0,100,236,0.4861111111111111,72,100,126,0.625,16,200,60,0.6,20,200,8,0,0,200,81,0.5555555555555556,9,200,412,0.5202312138728323,173,200,1
67,0.4117647058823529,51,100,60,0,0,100,92,0.4126984126984127,63,100,45,0,0,100,201,0,0,100,30,0,0,200,51,0,0,200,5,0,0,200,58,0.5383177570093458,535,200,40,0,0,200,0
64,0.4881889763779528,127,100,236,0.8,20,100,134,0,0,100,79,0.0,2,100,39,0.45,40,100,11,0,0,200,103,0.6,125,200,53,0.375,8,200,13,0,0,200,104,0,0,200,1
102,0,0,100,1,0,0,100,39,0.5214669051878354,1118,100,38,0.47368421052631576,19,100,236,0,0,100,18,0.574468085106383,47,200,412,0.56,450,200,63,0,0,200,60,0.5,156,200,14,0,0,200,1
236,0,0,100,201,0.5625,112,100,39,0.5909090909090909,44,100,154,0.3333333333333333,6,100,4,0.7037037037037037,27,100,79,0.3333333333333333,6,200,157,0,0,200,106,0,0,200,18,0.4,5,200,62,0.0,2,200,0
134,0.8,5,100,1,0.3333333333333333,3,100,13,0,0,100,81,0,0,100,107,0,0,100,236,0.625,8,200,161,0.5555555555555556,180,200,126,0.0,1,200,92,0,0,200,64,1.0,1,200,0
412,0.5789473684210527,114,100,122,0.5534804753820034,589,100,64,0.5054945054945055,182,100,51,0,0,100,42,0,0,100,78,0.6470588235294118,17,200,76,0.4,5,200,429,0,0,200,24,0.0,1,200,4,0.5,18,200,1
103,0.5,26,100,222,0,0,100,53,0.6190476190476191,42,100,120,0.3333333333333333,3,100,56,0.4,5,100,8,0.0,1,200,102,0.7058823529411765,17,200,89,0,0,200,58,0.0,1,200,67,0.5098039215686274,102,200,1
56,0.59375,32,100,22,1.0,1,100,150,0.3333333333333333,3,100,112,0.6296296296296297,81,100,53,0,0,100,82,0,0,200,429,0,0,200,245,0.55,80,200,267,0,0,200,62,0.30434782608695654,23,200,1
15,0.6666666666666666,3,100,40,0.5603448275862069,232,100,9,0.5609756097560976,205,100,134,1.0,2,100,98,0.6666666666666666,18,100,68,0.5645161290322581,62,200,150,0.5573770491803278,61,200,102,0,0,200,53,0.36363636363636365,33,200,236,0.5939849624060151,133,200,1
150,0.0,1,100,61,0.3333333333333333,3,100,25,0.5625,48,100,222,0.5853658536585366,41,100,111,0.5,14,100,119,0.5,20,200,7,1.0,1,200,421,0.5,14,200,89,0,0,200,57,0.6666666666666666,9,200,0
51,0.3333333333333333,6,100,120,0.6666666666666666,6,100,115,0.75,4,100,25,1.0,1,100,17,0,0,100,26,0,0,200,67,0,0,200,267,0,0,200,42,0,0,200,254,0,0,200,0
236,0.6,10,100,238,0.0,2,100,111,0,0,100,26,0.5714285714285714,7,100,38,0.0,1,100,110,0,0,200,103,0.5483870967741935,31,200,201,0,0,200,254,0,0,200,266,1.0,1,200,1
89,0.5681818181818182,132,100,81,0.6,5,100,55,0.0,2,100,5,0.6666666666666666,3,100,2,0.0,2,100,9,1.0,1,200,99,0.5714285714285714,7,200,92,0.4126984126984127,63,200,236,0,0,200,53,0.3333333333333333,6,200,0
40,0.1111111111111111,9,100,4,0.6190476190476191,21,100,15,0.625,8,100,106,0.0,1,100,102,0.25,4,100,105,0,0,200,79,0.46153846153846156,13,200,112,0.7777777777777778,9,200,42,0,0,200,12,0.23076923076923078,13,200,0
76,0.4444444444444444,9,100,64,0.3333333333333333,18,100,39,0,0,100,18,0.6666666666666666,12,100,53,0.0,3,100,157,0.5,2,200,10,0,0,200,412,0.5339805825242718,103,200,236,0,0,200,17,0.5,2,200,0
14,0.6666666666666666,15,100,121,0.5531177829099307,866,100,18,0,0,100,42,0.625,16,100,201,0.4,15,100,25,0.5773584905660377,265,200,81,0.5,4,200,40,0,0,200,105,1.0,2,200,15,0.7037037037037037,27,200,1
39,0.25,4,100,111,0.625,40,100,107,1.0,1,100,22,1.0,1,100,268,0,0,100,42,0.25,4,200,96,0,0,200,77,0.5263157894736842,19,200,40,0.6216216216216216,37,200,120,0.4444444444444444,9,200,1
115,0.3,10,100,58,0.375,8,100,89,0.5370370370370371,54,100,80,0.3333333333333333,3,100,18,0.45454545454545453,11,100,64,0.47368421052631576,19,200,412,0.5588235294117647,34,200,96,0.5,2,200,17,0.5722543352601156,173,200,20,0.5555555555555556,9,200,1
64,0,0,100,117,0,0,100,19,0.0,1,100,15,0,0,100,134,0,0,100,21,0.0,2,200,57,0.3333333333333333,9,200,78,0.5,12,200,61,0.5,2,200,89,1.0,2,200,1
64,0,0,100,157,1.0,1,100,12,0.0,3,100,37,0.5314757481940144,969,100,236,0.75,4,100,134,0.43333333333333335,30,200,222,0.6666666666666666,6,200,412,0,0,200,9,0.0,1,200,102,0,0,200,0
112,0.38461538461538464,13,100,222,0.25,4,100,150,0.5,14,100,412,0.0,2,100,56,1.0,1,100,245,0.0,3,200,16,0,0,200,63,0.3333333333333333,3,200,107,0.6071428571428571,28,200,98,1.0,1,200,1
43,0.42857142857142855,21,100,236,0.4666666666666667,15,100,4,0.5181538461538462,1625,100,76,0.5794871794871795,195,100,126,0.5932203389830508,59,100,58,0.5,60,200,15,0.38095238095238093,21,200,48,0.5892857142857143,56,200,69,0.5871559633027523,109,200,63,0.75,4,200,0
157,0.5,14,100,154,0.5,2,100,61,0.6,5,100,37,0.5314757481940144,969,100,29,0.7272727272727273,22,100,21,0.5576923076923077,52,200,99,0.1,10,200,40,0.66,100,200,57,0.16666666666666666,6,200,64,0.75,12,200,1
7,0.25,4,100,236,0.0,2,100,201,0.0,2,100,79,0.5,2,100,75,0.42857142857142855,7,100,64,0.4881889763779528,127,200,89,0,0,200,429,0,0,200,8,0.4,5,200,131,0.55,60,200,1
103,1.0,4,100,113,0,0,100,51,0,0,100,412,0.4,5,100,127,0.6,5,100,31,0.5,2,200,58,0.4,5,200,11,0.4782608695652174,46,200,81,0.5,58,200,53,0.42857142857142855,28,200,1
107,0.75,4,100,51,0.5116279069767442,43,100,80,0.7272727272727273,11,100,43,0.75,4,100,38,0.5714285714285714,7,100,37,0.5314757481940144,969,200,115,0.5238095238095238,21,200,39,0.4166666666666667,24,200,236,0.0,1,200,62,0,0,200,0
15,0,0,100,76,0.6,25,100,81,0.43243243243243246,37,100,12,0,0,100,39,0.36363636363636365,11,100,64,0.4507042253521127,71,200,16,0,0,200,67,0.6153846153846154,13,200,268,0.6222222222222222,45,200,68,0.3333333333333333,3,200,1
77,0,0,100,92,0.4126984126984127,63,100,7,0.72,25,100,40,0.5,2,100,429,0.38461538461538464,13,100,254,1.0,1,200,412,0.0,1,200,1,0.0,2,200,104,1.0,1,200,58,0,0,200,1
61,0.0,5,100,62,0.5638297872340425,94,100,236,0.4090909090909091,22,100,79,0.5333333333333333,30,100,412,0,0,100,26,0,0,200,126,0,0,200,81,1.0,2,200,64,0,0,200,112,0.0,2,200,0
120,0.6,10,100,34,0.5452674897119342,486,100,254,0.5866666666666667,75,100,432,0.5390625,128,100,42,0.7142857142857143,7,100,67,0.6111111111111112,90,200,64,0.4,25,200,117,0,0,200,26,0.5625,160,200,54,0.6,10,200,0
102,0.5906040268456376,298,100,96,0.6666666666666666,6,100,37,0.5314757481940144,969,100,266,0.0,1,100,59,0.5331858407079646,452,100,80,0,0,200,91,0,0,200,29,0.5,2,200,412,0.49137931034482757,116,200,32,0,0,200,1
92,0.8,5,100,84,0.0,1,100,81,0,0,100,64,0.5555555555555556,36,100,1,0,0,100,91,0.5184016824395373,951,200,412,0,0,200,127,0.7333333333333333,15,200,22,0.5416666666666666,24,200,107,0.2,5,200,1
98,0,0,100,39,0.5,2,100,103,0.5453527435610303,893,100,18,0.42857142857142855,7,100,421,0.5923076923076923,130,100,126,0.875,8,200,42,0,0,200,412,0.5625,32,200,57,0.4444444444444444,9,200,78,0.0,2,200,1
9,0,0,100,76,0.5,2,100,236,0.6119402985074627,67,100,8,0.0,2,100,32,0,0,100,28,0.5714285714285714,70,200,117,0,0,200,412,0.3333333333333333,3,200,11,0,0,200,81,0.4852941176470588,68,200,1
18,0.375,8,100,55,0,0,100,120,0,0,100,8,0,0,100,12,0,0,100,157,0.581081081081081,74,200,5,0,0,200,79,0,0,200,42,0.4444444444444444,9,200,254,0,0,200,1
11,0.45098039215686275,51,100,42,0.3333333333333333,3,100,22,1.0,1,100,105,0.5,10,100,267,0.6923076923076923,13,100,245,0.2962962962962963,27,200,104,0.5,6,200,16,0,0,200,91,0.3,10,200,5,1.0,1,200,0
42,1.0,4,100,150,0.5333333333333333,15,100,56,0,0,100,30,0,0,100,412,0,0,100,119,1.0,2,200,12,0,0,200,16,0,0,200,157,0.5454545454545454,22,200,61,0.0,1,200,1
1,0.4444444444444444,9,100,112,0.5714285714285714,7,100,201,0,0,100,222,0.4,10,100,64,0.3157894736842105,19,100,92,0.3333333333333333,3,200,412,0.5625,16,200,4,0.5758928571428571,224,200,104,0.3448275862068966,29,200,35,0.5483870967741935,93,200,1
80,0,0,100,61,0.3333333333333333,9,100,126,0.5747126436781609,87,100,81,0.4657534246575342,73,100,25,0.0,1,100,24,0.5714285714285714,7,200,412,0,0,200,236,0.6666666666666666,15,200,76,0.5,8,200,64,0,0,200,1
412,0.48148148148148145,54,100,23,0.5210355987055016,618,100,134,0.5238095238095238,21,100,51,0,0,100,154,0.41379310344827586,29,100,33,0.16666666666666666,6,200,7,0,0,200,37,0.5666666666666667,60,200,11,0.5348837209302325,129,200,67,0,0,200,0
412,0.4936708860759494,79,100,42,0.68,25,100,6,0.0,1,100,102,0,0,100,113,0.5,2,100,67,0.7272727272727273,11,200,25,0,0,200,53,0.5333333333333333,15,200,131,0.5,12,200,20,0,0,200,1
40,0.3333333333333333,3,100,19,0.5,4,100,105,0.5714285714285714,7,100,8,0.6666666666666666,3,100,15,0.6666666666666666,3,100,127,0,0,200,104,0,0,200,20,0.5,10,200,161,0.4528301886792453,53,200,61,0.0,1,200,1
267,0.4444444444444444,9,100,67,1.0,2,100,84,0,0,100,112,0,0,100,72,0.25,4,100,55,0.0,3,200,222,0,0,200,37,0.5314757481940144,969,200,131,0.5303703703703704,675,200,14,0.3333333333333333,3,200,1
34,0.6097560975609756,41,100,43,0.527027027027027,74,100,28,0.0,2,100,120,0,0,100,67,0.75,4,100,429,0,0,200,30,0.5769230769230769,26,200,254,0.3333333333333333,6,200,92,0.5095541401273885,157,200,267,0.5,18,200,0
1,0.5313634007257646,1929,100,150,0.5,18,100,429,0.6666666666666666,9,100,84,0,0,100,40,0.72,25,100,30,0,0,200,119,0,0,200,12,0.5263157894736842,133,200,120,0.6,5,200,31,0,0,200,1
104,1.0,1,100,53,0,0,100,55,1.0,5,100,64,0,0,100,120,0,0,100,15,0.7272727272727273,11,200,68,0.5769230769230769,52,200,254,0.625,8,200,38,0,0,200,201,0,0,200,0
111,0.47368421052631576,19,100,67,0.7058823529411765,17,100,86,0.0,1,100,32,0.3333333333333333,3,100,4,0.5,12,100,28,0.5151515151515151,99,200,8,0,0,200,16,0.6666666666666666,33,200,150,0.0,1,200,104,0.0,2,200,1
120,0.5172413793103449,29,100,104,0.631578947368421,38,100,72,0.42857142857142855,7,100,112,0,0,100,40,0.0,3,100,266,0,0,200,222,0.6666666666666666,3,200,68,0,0,200,76,0.35,20,200,16,0,0,200,1
25,0.5357142857142857,84,100,55,0.5526802218114603,541,100,41,0.5652439024390243,1640,100,236,0,0,100,114,0.5,14,100,117,0.3333333333333333,3,200,105,1.0,1,200,48,0.4827586206896552,29,200,122,0.5339366515837104,221,200,21,0.55,20,200,1
59,0,0,100,39,0.5064935064935064,154,100,42,0,0,100,9,0,0,100,80,0,0,100,238,0,0,200,20,0.0,1,200,54,0,0,200,89,0.5384615384615384,26,200,15,0.6875,16,200,0
104,0,0,100,99,0.16666666666666666,6,100,39,0.5121951219512195,82,100,53,0.5333333333333333,90,100,11,0,0,100,81,0.5,2,200,421,1.0,1,200,126,0.3333333333333333,3,200,102,0,0,200,412,0.5,14,200,0
26,0.6666666666666666,9,100,222,0.3333333333333333,3,100,59,0,0,100,25,0,0,100,126,0.375,16,100,236,0.6086956521739131,69,200,412,0,0,200,39,0.5214669051878354,1118,200,12,0.2222222222222222,9,200,32,0,0,200,0
68,0.5172413793103449,29,100,37,0.4956521739130435,115,100,107,0.6071428571428571,28,100,112,0,0,100,429,0.8,10,100,110,1.0,2,200,69,0.6842105263157895,19,200,102,0,0,200,412,0.5833333333333334,36,200,39,0.0,1,200,0
75,0.5567010309278351,485,100,16,0.4117647058823529,34,100,245,0.6,5,100,107,0.3333333333333333,3,100,51,0.5,2,100,64,0.6,35,200,78,0.6,5,200,1,1.0,2,200,43,0.75,4,200,81,0.6571428571428571,70,200,1
56,0.5,2,100,67,0,0,100,38,0.16666666666666666,6,100,54,0.0,1,100,412,0,0,100,23,0.5210355987055016,618,200,63,0,0,200,267,0.47058823529411764,17,200,35,0.55,20,200,236,0.25,4,200,1
238,0.5873015873015873,126,100,42,0.5384615384615384,13,100,25,0,0,100,57,0.75,4,100,59,0.0,1,100,105,0.43478260869565216,23,200,54,0.5,12,200,107,0,0,200,1,0.5313634007257646,1929,200,110,0,0,200,0
92,0.5241935483870968,124,100,38,0.6666666666666666,3,100,37,0.5314757481940144,969,100,59,0.5555555555555556,9,100,42,0.6458333333333334,48,100,25,0.4166666666666667,24,200,80,0.71875,32,200,268,0.6052631578947368,38,200,64,0,0,200,81,0,0,200,0
126,0,0,100,67,0.6666666666666666,6,100,10,0.41379310344827586,29,100,54,0.5625,16,100,40,0.5517241379310345,58,100,50,0.5517241379310345,174,200,236,0,0,200,91,0.25,4,200,62,0,0,200,16,0,0,200,1
90,0.5480769230769231,416,100,68,0.5154471544715448,615,100,421,0,0,100,53,0.4222222222222222,45,100,29,0.3125,16,100,154,0.7647058823529411,17,200,18,0.3333333333333333,3,200,114,0,0,200,412,0.4166666666666667,12,200,4,0.5428571428571428,35,200,1
40,0.5579710144927537,138,100,119,0.6,5,100,107,0.5402081362346263,1057,100,98,0,0,100,45,0,0,100,26,0.5393700787401575,254,200,72,1.0,1,200,64,0.4881889763779528,127,200,412,0.6,45,200,42,0,0,200,1
18,1.0,1,100,92,0.4126984126984127,63,100,421,0.0,1,100,25,0.48598130841121495,107,100,61,0.44,25,100,222,0.5,16,200,412,0.4411764705882353,34,200,102,0,0,200,105,0.5581395348837209,86,200,98,0.25,4,200,0
74,0.5452488687782805,442,100,20,0.55,20,100,143,0.5213675213675214,585,100,51,0.5,38,100,56,0.0,6,100,107,0.6071428571428571,28,200,90,0.6,5,200,89,0.375,8,200,22,0.5509433962264151,265,200,68,0,0,200,1
202,0.5684210526315789,95,100,201,0.5404411764705882,272,100,83,0.5036496350364964,137,100,104,0.6428571428571429,28,100,103,0.717948717948718,39,100,236,0.5526315789473685,190,200,2,0.3333333333333333,9,200,126,0.5932203389830508,59,200,112,0.25,4,200,412,0.5121951219512195,41,200,0
78,0.5765765765765766,111,100,163,0.6388888888888888,36,100,43,0.5576923076923077,52,100,203,0.52,50,100,51,0.6388888888888888,36,100,13,0.42857142857142855,49,200,202,0.48,25,200,60,0.3076923076923077,13,200,1,0.5555555555555556,9,200,420,0.75,8,200,0
12,0.0,1,100,92,0.0,1,100,254,0.3333333333333333,3,100,90,0,0,100,15,0.3333333333333333,3,100,412,0.4,10,200,127,0,0,200,64,0.5178571428571429,56,200,25,0.8333333333333334,6,200,81,0.5818181818181818,55,200,0
143,0.47368421052631576,19,100,150,0.125,8,100,59,0.6,15,100,238,0.6428571428571429,14,100,81,0.5555555555555556,9,100,84,0.4,10,200,42,0.4666666666666667,15,200,111,1.0,1,200,45,0,0,200,76,0,0,200,0
238,0.25,8,100,13,0,0,100,59,0,0,100,222,0,0,100,37,0,0,100,267,0.0,1,200,4,0.5882352941176471,17,200,39,0.25,4,200,64,0.4788732394366197,71,200,42,0,0,200,0
89,0.5147058823529411,68,100,68,0.5645161290322581,62,100,64,0.5434782608695652,46,100,127,0.5,4,100,67,0.7142857142857143,14,100,238,0.42857142857142855,7,200,81,0.4406779661016949,59,200,59,0.5,4,200,1,0,0,200,54,0,0,200,0
9,0.5475285171102662,263,100,111,0,0,100,54,1.0,2,100,103,0.3939393939393939,33,100,15,0.59375,64,100,61,0.543859649122807,114,200,236,0.5192307692307693,156,200,62,0.5102040816326531,490,200,75,0.5,8,200,412,0.4954954954954955,111,200,0
267,0.41935483870967744,31,100,254,0,0,100,157,0.5625,144,100,17,0.5211521152115212,1111,100,81,0.5535714285714286,56,100,432,0.34285714285714286,35,200,236,1.0,1,200,91,0.5471204188481675,382,200,54,0.5,12,200,33,0.6666666666666666,3,200,1
202,0.5808823529411765,136,100,4,0.5181538461538462,1625,100,2,0.631578947368421,57,100,12,1.0,1,100,10,0.5929978118161926,457,100,15,0.5,4,200,41,0.5911949685534591,159,200,134,0.5,8,200,28,0.4666666666666667,15,200,432,0.525,40,200,0
64,0.6842105263157895,38,100,12,0.6162790697674418,86,100,112,0.6530612244897959,49,100,222,0.5555555555555556,9,100,117,0.3333333333333333,3,100,223,1.0,3,200,92,0.6153846153846154,13,200,67,0,0,200,201,0.0,1,200,38,0.5767441860465117,215,200,0
81,0.4,5,100,83,0.5102781136638452,827,100,14,0.0,2,100,38,0.625,16,100,37,0.5314757481940144,969,100,7,0,0,200,8,0.0,2,200,67,0,0,200,92,0,0,200,432,0.0,2,200,0
154,1.0,1,100,67,0,0,100,222,0.5,2,100,68,0.5769230769230769,52,100,16,0,0,100,112,0,0,200,236,0.5263157894736842,19,200,421,0.5333333333333333,15,200,40,0.6666666666666666,15,200,57,0,0,200,1
120,0,0,100,68,0.5290519877675841,654,100,104,0.0,3,100,9,0,0,100,131,0.5303703703703704,675,100,412,0,0,200,150,0.5,18,200,127,0.5445544554455446,101,200,236,0.16666666666666666,12,200,64,0.45544554455445546,101,200,1
53,0.6764705882352942,34,100,61,0.5575221238938053,113,100,120,0.5172413793103449,29,100,51,0.3157894736842105,19,100,11,0,0,100,68,0.0,1,200,80,0.8,5,200,15,0,0,200,92,0.3125,16,200,25,0.3076923076923077,13,200,0
80,0.5555555555555556,36,100,429,0.0,1,100,64,0.2,10,100,63,0,0,100,12,0.4090909090909091,22,100,20,0.5,2,200,37,0.5314757481940144,969,200,31,0.6538461538461539,26,200,126,0,0,200,18,0.0,1,200,0
412,0.4528301886792453,53,100,7,0.3684210526315789,19,100,42,0.375,8,100,58,0.5383177570093458,535,100,64,0.4375,176,100,429,0.5,26,200,238,0.552,125,200,267,0.5372549019607843,510,200,17,0.48872180451127817,133,200,76,0.6296296296296297,27,200,1
236,0.5333333333333333,15,100,39,0.5113636363636364,88,100,64,0.3333333333333333,18,100,267,0.5,4,100,79,1.0,3,100,54,0.8,5,200,201,0.6049382716049383,81,200,51,0.6086956521739131,46,200,4,0.9333333333333333,15,200,60,0.0,1,200,0
267,0.0,1,100,236,0.5700934579439252,214,100,115,0.25,4,100,9,0,0,100,120,0,0,100,7,0.5,6,200,81,0.43243243243243246,37,200,412,0.55,20,200,92,0.5384615384615384,65,200,80,1.0,1,200,0
38,0,0,100,81,0.5910931174089069,247,100,64,0,0,100,43,0,0,100,102,0.3333333333333333,3,100,80,0,0,200,412,0.5833333333333334,24,200,25,1.0,1,200,236,0,0,200,126,1.0,1,200,1
133,0,0,100,150,0.5454545454545454,22,100,4,0.5684210526315789,475,100,412,0.53125,32,100,79,0.5333333333333333,30,100,107,0.5813953488372093,516,200,67,0.4909090909090909,55,200,61,0,0,200,40,0.5,2,200,59,0.7,10,200,0
58,0,0,100,236,0,0,100,37,0.5314757481940144,969,100,254,0,0,100,26,0,0,100,238,0.6744186046511628,43,200,68,0.5868263473053892,167,200,20,1.0,1,200,143,0.6666666666666666,3,200,51,0,0,200,0
117,0.46875,32,100,112,0.592057761732852,277,100,24,0.0,1,100,222,0.42105263157894735,19,100,254,1.0,2,100,103,0,0,200,236,0.5955056179775281,89,200,64,0.6666666666666666,3,200,39,0,0,200,53,0.0,3,200,1
78,0.0,1,100,84,0.5,2,100,76,0,0,100,40,0,0,100,222,0.3333333333333333,6,100,64,0.6222222222222222,45,200,134,0.0,1,200,154,0.0,1,200,67,0,0,200,412,0.5414847161572053,229,200,1
134,1.0,1,100,412,0,0,100,28,0.0,4,100,266,0.5,2,100,236,0.48148148148148145,54,100,157,0.7647058823529411,34,200,25,0.35714285714285715,14,200,58,0,0,200,254,0,0,200,222,1.0,1,200,1
30,0,0,100,222,0,0,100,26,0.0,1,100,59,0,0,100,126,0.5,10,100,64,0.3333333333333333,3,200,104,0.5,10,200,412,0.5,2,200,38,0,0,200,150,0,0,200,1
107,0.0,1,100,201,0.4,15,100,51,0.5,4,100,54,0.8,5,100,63,0.5412371134020618,194,100,24,0.5372549019607843,1275,200,412,0.5,10,200,121,0.3333333333333333,3,200,157,0.5454545454545454,22,200,42,1.0,1,200,1
42,0.5689655172413793,116,100,421,0.8333333333333334,12,100,85,0.586709886547812,617,100,53,0.6075949367088608,79,100,238,0.5873015873015873,126,100,429,0.43478260869565216,23,200,62,0.30434782608695654,23,200,432,0.53125,96,200,112,0.5370370370370371,54,200,83,0.4,10,200,0
412,0,0,100,429,0.5925925925925926,27,100,254,0,0,100,157,0.5454545454545454,22,100,268,0,0,100,12,0.4090909090909091,22,200,61,0.5925925925925926,27,200,1,0.5313634007257646,1929,200,150,0.25,4,200,102,0,0,200,0
40,0.5,30,100,51,0.584,125,100,101,0,0,100,114,0.5533333333333333,300,100,59,0,0,100,99,0,0,200,150,0.0,1,200,96,0.0,1,200,236,0.5714285714285714,7,200,254,0,0,200,0
64,0.48214285714285715,56,100,40,0.3333333333333333,6,100,222,0.6666666666666666,3,100,157,0.5,6,100,61,0.546242774566474,346,100,18,0,0,200,4,0.5555555555555556,27,200,105,0.46153846153846156,26,200,58,0,0,200,53,0,0,200,1
32,0,0,100,18,0.43478260869565216,23,100,14,0.4,10,100,91,0,0,100,54,0.0,1,100,103,0,0,200,51,0.5,8,200,64,0,0,200,114,0.46153846153846156,13,200,89,0,0,200,1
76,0.6136363636363636,176,100,7,0.7142857142857143,7,100,80,0,0,100,236,0.46153846153846156,13,100,122,1.0,2,100,238,0,0,200,37,0.5314757481940144,969,200,38,0,0,200,121,0.2857142857142857,14,200,104,0,0,200,1
67,0.4444444444444444,9,100,98,0.5154639175257731,97,100,16,0,0,100,107,1.0,1,100,43,0.6666666666666666,9,100,18,0.25,8,200,11,0.0,2,200,86,0,0,200,101,0,0,200,53,0.75,4,200,0
201,0.0,2,100,4,0,0,100,157,0.5,2,100,64,0,0,100,51,0.4936708860759494,79,100,28,0.8888888888888888,9,200,40,0.5283018867924528,106,200,39,0,0,200,236,0.0,1,200,7,1.0,1,200,0
114,0.6111111111111112,18,100,25,0.7419354838709677,31,100,64,0.42857142857142855,7,100,105,0.5078125,128,100,29,0.6,5,100,67,0.5714285714285714,14,200,157,0.6153846153846154,39,200,23,0.6666666666666666,3,200,53,0.6228070175438597,114,200,60,0.0,4,200,1
61,0.38181818181818183,55,100,236,0.5214285714285715,140,100,154,0.0,2,100,92,0,0,100,40,0.6410256410256411,39,100,38,1.0,1,200,54,0.2857142857142857,7,200,72,0.6,5,200,412,0.3333333333333333,6,200,81,0.36363636363636365,11,200,0
19,0,0,100,40,0,0,100,91,0.5294117647058824,17,100,119,0,0,100,38,1.0,1,100,76,0.5,4,200,64,0.46875,64,200,42,1.0,1,200,126,0.5932203389830508,59,200,412,0.5789473684210527,114,200,0
31,0.5,2,100,8,0,0,100,64,0.7142857142857143,14,100,1,0.5851528384279476,229,100,67,0.75,4,100,150,0.6666666666666666,3,200,105,0.5347043701799485,389,200,42,0.3333333333333333,3,200,12,0,0,200,76,0.2727272727272727,11,200,0
16,0.5610859728506787,221,100,50,1.0,1,100,429,0.625,8,100,75,0.5555555555555556,18,100,77,0.7647058823529411,17,100,238,0.0,2,200,104,0.0,2,200,64,0.4881889763779528,127,200,83,0,0,200,14,0,0,200,0
61,0.25,4,100,16,0.5,10,100,114,0.5628997867803838,469,100,223,1.0,1,100,67,0.6470588235294118,17,100,4,0.25,4,200,18,0.5,20,200,106,0.54,50,200,120,1.0,1,200,412,0.5625,16,200,1
24,0,0,100,28,0.625,24,100,143,0.5725806451612904,744,100,117,0.4,5,100,236,0.5955056179775281,89,100,38,0.5168269230769231,832,200,133,0,0,200,64,0,0,200,29,0,0,200,412,1.0,2,200,1
236,0.5185185185185185,54,100,13,0,0,100,9,0.5538461538461539,65,100,91,0.6153846153846154,13,100,267,0,0,100,51,0,0,200,134,0.5676767676767677,495,200,64,0,0,200,79,0,0,200,412,0.6511627906976745,43,200,0
79,0.3333333333333333,6,100,18,0.3333333333333333,3,100,11,0.25,4,100,115,0,0,100,24,0.5789473684210527,19,100,39,0.4444444444444444,9,200,134,1.0,1,200,51,0.6265060240963856,83,200,89,0.6666666666666666,3,200,102,0.0,2,200,1
113,0,0,100,44,0.5,2,100,412,0,0,100,238,0.4666666666666667,15,100,236,0.4782608695652174,92,100,40,0,0,200,64,0.4881889763779528,127,200,92,0.5526315789473685,494,200,29,0,0,200,68,0.2857142857142857,7,200,0
120,0.0,3,100,91,0.5184016824395373,951,100,236,0.5204081632653061,196,100,80,0.6296296296296297,243,100,21,0.25,12,100,61,1.0,2,200,40,0.5585585585585585,111,200,59,0.4,5,200,154,0.6,15,200,81,0.5555555555555556,9,200,1
268,0.5,10,100,22,0.3333333333333333,3,100,59,0.0,5,100,53,0.3076923076923077,13,100,80,0.375,8,100,107,0.6071428571428571,28,200,15,0.5,2,200,60,0.0,1,200,12,0.5357142857142857,28,200,112,0,0,200,0
92,0.4126984126984127,63,100,96,0,0,100,64,0.3076923076923077,13,100,40,0,0,100,117,0.0,2,100,102,0,0,200,99,0.6346153846153846,52,200,59,0,0,200,25,0,0,200,42,0,0,200,0
238,0.0,1,100,41,0.5,24,100,254,0,0,100,1,0,0,100,104,0.600896860986547,223,100,113,0,0,200,40,0,0,200,8,1.0,2,200,222,0,0,200,114,0,0,200,1
22,0,0,100,72,0.0,1,100,120,0,0,100,103,0.0,3,100,12,0.5757575757575758,33,100,67,0.5882352941176471,17,200,105,0.43478260869565216,23,200,53,0.5333333333333333,15,200,64,0.3333333333333333,15,200,245,0.5760869565217391,184,200,1
42,0,0,100,131,0.5303703703703704,675,100,16,0.5454545454545454,44,100,57,0,0,100,59,0.7,10,100,39,0.7115384615384616,52,200,412,0.5202312138728323,173,200,120,0.5512295081967213,488,200,236,0.5,64,200,34,0.7727272727272727,22,200,1
268,1.0,1,100,429,0,0,100,16,0,0,100,77,1.0,1,100,92,0,0,100,91,0,0,200,57,0.3870967741935484,31,200,28,0.5151515151515151,99,200,42,0.5555555555555556,9,200,53,0.0,1,200,1
103,0.6326530612244898,49,100,236,0.29411764705882354,17,100,62,0.6375,80,100,80,0,0,100,9,0,0,100,39,0.5,6,200,25,0.5376344086021505,186,200,104,0.6153846153846154,13,200,17,0,0,200,83,0.5,2,200,0
42,0.5915492957746479,71,100,89,0.375,8,100,58,0.45454545454545453,11,100,20,1.0,1,100,61,0.0,3,100,92,0.4126984126984127,63,200,53,0.0,3,200,236,0,0,200,79,0.5412844036697247,109,200,84,0,0,200,0
80,0,0,100,7,0.4117647058823529,34,100,14,0,0,100,412,0.5625,16,100,236,0.5,42,100,150,1.0,1,200,37,0.375,16,200,157,0,0,200,429,0.3333333333333333,9,200,64,0.6666666666666666,3,200,1
76,0.3333333333333333,3,100,21,0.6,5,100,81,0.0,1,100,55,0,0,100,59,0,0,100,16,0.0,4,200,37,0.5314757481940144,969,200,14,0,0,200,51,0.0,1,200,157,0,0,200,0
429,0.42857142857142855,7,100,69,0.5,2,100,106,0.66,50,100,432,0.0,2,100,13,0.5,8,100,20,0.3333333333333333,9,200,83,0,0,200,40,0,0,200,8,0.5,4,200,42,0.52,25,200,0
5,0,0,100,1,0.5313634007257646,1929,100,126,0.5714285714285714,28,100,412,0.5949367088607594,79,100,42,0.5714285714285714,49,100,37,0.5314757481940144,969,200,236,1.0,2,200,115,0,0,200,39,0.36363636363636365,11,200,2,0.0,1,200,0
1,0.3333333333333333,3,100,39,0.0,1,100,105,0,0,100,96,0.6,5,100,126,0,0,100,266,0,0,200,59,0,0,200,157,0.6,5,200,222,0.0,1,200,267,0.5625,80,200,1
12,0,0,100,92,0.4126984126984127,63,100,64,0.4970414201183432,169,100,7,0,0,100,51,0.5,18,100,223,0.6666666666666666,3,200,107,0.5723076923076923,325,200,81,0.3333333333333333,3,200,222,0,0,200,62,0.5319148936170213,188,200,1
37,0.5314757481940144,969,100,9,0,0,100,99,0,0,100,236,0.625,8,100,126,0,0,100,13,0,0,200,412,0.5,4,200,120,0.5757575757575758,99,200,59,0,0,200,42,0,0,200,1
64,0.0,1,100,238,0.0,1,100,40,0.5555555555555556,162,100,236,1.0,2,100,19,0.5508021390374331,187,100,267,0.5,6,200,120,0,0,200,51,0.16666666666666666,6,200,114,0.5,10,200,54,0.631578947368421,19,200,0
16,0.6949152542372882,59,100,38,0,0,100,67,0.75,4,100,120,0.5454545454545454,66,100,114,0.6666666666666666,48,100,429,0.4666666666666667,15,200,35,0.5555555555555556,144,200,58,0.5,2,200,143,0.5507246376811594,138,200,157,0.0,2,200,1
238,0.6666666666666666,3,100,254,0,0,100,267,0,0,100,92,0.5625,80,100,67,0.6875,48,100,80,0,0,200,59,0.5384615384615384,13,200,14,1.0,1,200,53,0.6363636363636364,176,200,81,0.5,28,200,1
17,0.5205479452054794,73,100,267,0.45454545454545453,11,100,61,0.75,24,100,222,0.6153846153846154,13,100,59,0,0,100,157,0.6521739130434783,23,200,67,0.4375,64,200,64,0,0,200,53,0.625,8,200,80,0.0,1,200,0
81,0.5568627450980392,255,100,254,0,0,100,157,0,0,100,10,0,0,100,40,0,0,100,201,0.6666666666666666,3,200,126,0,0,200,236,0.0,1,200,30,0.5054945054945055,91,200,84,0.5833333333333334,144,200,1
157,0.4444444444444444,9,100,14,0.5555555555555556,45,100,68,0.6666666666666666,6,100,89,0.5,2,100,236,0.2857142857142857,7,100,64,0,0,200,61,0,0,200,84,0.524390243902439,82,200,79,0.3333333333333333,6,200,222,0,0,200,0
68,0,0,100,77,0.5,2,100,7,0,0,100,89,0,0,100,104,0.42857142857142855,7,100,23,0,0,200,64,0.5,2,200,51,0.6551724137931034,29,200,105,0.0,1,200,40,0,0,200,1
112,0.4492753623188406,69,100,236,0.5128205128205128,351,100,421,0.42857142857142855,21,100,40,0.5745614035087719,228,100,114,0.6111111111111112,18,100,104,0.5151515151515151,33,200,60,0.5769230769230769,52,200,4,1.0,2,200,412,0.5517241379310345,29,200,21,0.625,8,200,1
50,0.6039603960396039,101,100,254,0,0,100,238,0.0,1,100,51,0.4796747967479675,123,100,40,0.631578947368421,57,100,9,0,0,200,104,0.52,25,200,127,0,0,200,161,0,0,200,37,0.5314757481940144,969,200,0
5,0.5794392523364486,214,100,85,0.5558272208638957,1227,100,119,0.42857142857142855,14,100,50,0.6583333333333333,120,100,25,0.5265306122448979,245,100,35,0.5773672055427251,433,200,67,0.42028985507246375,69,200,412,0.6114285714285714,175,200,112,0.6078431372549019,51,200,133,0.6666666666666666,3,200,1
154,0.3333333333333333,3,100,103,0,0,100,15,0,0,100,16,0,0,100,68,0,0,100,412,0,0,200,113,0,0,200,42,0.375,8,200,54,0.5689655172413793,116,200,7,0.0,2,200,0